,drug_name,section,ade_type,n_manual,n_gpt,tp,fp,fn,precision,recall,f1
0,KYPROLIS,adverse reactions,all,128,95,103,0.0,25,1.0,0.8046875,0.8917748917748918
1,KYPROLIS,adverse reactions,exact-meddra,104,95,91,,13,,0.875,
2,KYPROLIS,adverse reactions,non-meddra,25,95,12,,13,,0.48,
3,KYPROLIS,adverse reactions,discontinuous,3,95,0,,3,,0.0,
4,KYPROLIS,warnings and precautions,all,65,39,44,3.0,21,0.9361702127659575,0.676923076923077,0.7857142857142858
5,KYPROLIS,warnings and precautions,exact-meddra,44,39,29,,15,,0.6590909090909091,
6,KYPROLIS,warnings and precautions,non-meddra,22,39,16,,6,,0.7272727272727273,
7,KYPROLIS,warnings and precautions,discontinuous,1,39,1,,0,,1.0,
8,KYPROLIS,all-concat,all,158,83,102,0.0,56,1.0,0.6455696202531646,0.7846153846153847
9,KYPROLIS,all-concat,exact-meddra,119,83,87,,32,,0.7310924369747899,
10,KYPROLIS,all-concat,non-meddra,40,83,15,,25,,0.375,
11,KYPROLIS,all-concat,discontinuous,4,83,1,,3,,0.25,
12,MULTAQ,adverse reactions,all,39,32,39,1.0,0,0.975,1.0,0.9873417721518987
13,MULTAQ,adverse reactions,exact-meddra,26,32,26,,0,,1.0,
14,MULTAQ,adverse reactions,non-meddra,13,32,13,,0,,1.0,
15,MULTAQ,adverse reactions,discontinuous,5,32,5,,0,,1.0,
16,MULTAQ,warnings and precautions,all,25,20,19,2.0,6,0.9047619047619048,0.76,0.8260869565217391
17,MULTAQ,warnings and precautions,exact-meddra,13,20,12,,1,,0.9230769230769231,
18,MULTAQ,warnings and precautions,non-meddra,12,20,7,,5,,0.5833333333333334,
19,MULTAQ,warnings and precautions,discontinuous,3,20,3,,0,,1.0,
20,MULTAQ,boxed warnings,all,3,3,3,0.0,0,1.0,1.0,1.0
21,MULTAQ,boxed warnings,exact-meddra,3,3,3,,0,,1.0,
22,MULTAQ,all-concat,all,57,28,35,0.0,22,1.0,0.6140350877192983,0.7608695652173912
23,MULTAQ,all-concat,exact-meddra,32,28,22,,10,,0.6875,
24,MULTAQ,all-concat,non-meddra,25,28,13,,12,,0.52,
25,MULTAQ,all-concat,discontinuous,8,28,6,,2,,0.75,
26,JUBLIA,adverse reactions,all,5,5,5,1.0,0,0.8333333333333334,1.0,0.9090909090909091
27,JUBLIA,adverse reactions,exact-meddra,3,5,3,,0,,1.0,
28,JUBLIA,adverse reactions,non-meddra,2,5,2,,0,,1.0,
29,JUBLIA,all-concat,all,5,6,5,1.0,0,0.8333333333333334,1.0,0.9090909090909091
30,JUBLIA,all-concat,exact-meddra,3,6,3,,0,,1.0,
31,JUBLIA,all-concat,non-meddra,2,6,2,,0,,1.0,
32,TEFLARO,adverse reactions,all,30,31,30,1.0,0,0.967741935483871,1.0,0.9836065573770492
33,TEFLARO,adverse reactions,exact-meddra,26,31,26,,0,,1.0,
34,TEFLARO,adverse reactions,non-meddra,4,31,4,,0,,1.0,
35,TEFLARO,warnings and precautions,all,12,11,10,2.0,2,0.8333333333333334,0.8333333333333334,0.8333333333333334
36,TEFLARO,warnings and precautions,exact-meddra,2,11,2,,0,,1.0,
37,TEFLARO,warnings and precautions,non-meddra,10,11,8,,2,,0.8,
38,TEFLARO,warnings and precautions,negated,1,11,1,,0,,1.0,
39,TEFLARO,warnings and precautions,discontinuous,2,11,2,,0,,1.0,
40,TEFLARO,all-concat,all,38,30,32,1.0,6,0.9696969696969697,0.8421052631578947,0.9014084507042254
41,TEFLARO,all-concat,exact-meddra,27,30,27,,0,,1.0,
42,TEFLARO,all-concat,non-meddra,11,30,5,,6,,0.45454545454545453,
43,TEFLARO,all-concat,negated,1,30,1,,0,,1.0,
44,TEFLARO,all-concat,discontinuous,2,30,1,,1,,0.5,
45,DATSCAN,adverse reactions,all,11,10,11,0.0,0,1.0,1.0,1.0
46,DATSCAN,adverse reactions,exact-meddra,8,10,8,,0,,1.0,
47,DATSCAN,adverse reactions,non-meddra,3,10,3,,0,,1.0,
48,DATSCAN,warnings and precautions,all,3,3,3,0.0,0,1.0,1.0,1.0
49,DATSCAN,warnings and precautions,exact-meddra,1,3,1,,0,,1.0,
50,DATSCAN,warnings and precautions,non-meddra,2,3,2,,0,,1.0,
51,DATSCAN,all-concat,all,12,11,11,1.0,1,0.9166666666666666,0.9166666666666666,0.9166666666666666
52,DATSCAN,all-concat,exact-meddra,9,11,8,,1,,0.8888888888888888,
53,DATSCAN,all-concat,non-meddra,3,11,3,,0,,1.0,
54,TIVICAY,adverse reactions,all,45,40,38,6.0,7,0.8636363636363636,0.8444444444444444,0.853932584269663
55,TIVICAY,adverse reactions,exact-meddra,30,40,29,,1,,0.9666666666666667,
56,TIVICAY,adverse reactions,non-meddra,15,40,9,,6,,0.6,
57,TIVICAY,adverse reactions,discontinuous,8,40,6,,2,,0.75,
58,TIVICAY,warnings and precautions,all,29,41,21,19.0,8,0.525,0.7241379310344828,0.6086956521739131
59,TIVICAY,warnings and precautions,exact-meddra,10,41,8,,2,,0.8,
60,TIVICAY,warnings and precautions,non-meddra,19,41,13,,6,,0.6842105263157895,
61,TIVICAY,warnings and precautions,discontinuous,2,41,1,,1,,0.5,
62,TIVICAY,all-concat,all,71,30,33,3.0,38,0.9166666666666666,0.4647887323943662,0.6168224299065421
63,TIVICAY,all-concat,exact-meddra,37,30,17,,20,,0.4594594594594595,
64,TIVICAY,all-concat,non-meddra,34,30,16,,18,,0.47058823529411764,
65,TIVICAY,all-concat,discontinuous,10,30,1,,9,,0.1,
66,TAFINLAR,adverse reactions,all,112,58,78,1.0,34,0.9873417721518988,0.6964285714285714,0.8167539267015707
67,TAFINLAR,adverse reactions,exact-meddra,94,58,72,,22,,0.7659574468085106,
68,TAFINLAR,adverse reactions,non-meddra,18,58,6,,12,,0.3333333333333333,
69,TAFINLAR,warnings and precautions,all,63,16,23,1.0,40,0.9583333333333334,0.36507936507936506,0.5287356321839081
70,TAFINLAR,warnings and precautions,exact-meddra,28,16,11,,17,,0.39285714285714285,
71,TAFINLAR,warnings and precautions,non-meddra,35,16,12,,23,,0.34285714285714286,
72,TAFINLAR,warnings and precautions,discontinuous,2,16,2,,0,,1.0,
73,TAFINLAR,all-concat,all,158,44,49,5.0,109,0.9074074074074074,0.310126582278481,0.46226415094339623
74,TAFINLAR,all-concat,exact-meddra,110,44,27,,83,,0.24545454545454545,
75,TAFINLAR,all-concat,non-meddra,48,44,22,,26,,0.4583333333333333,
76,TAFINLAR,all-concat,discontinuous,2,44,2,,0,,1.0,
77,HORIZANT,adverse reactions,all,27,24,24,0.0,3,1.0,0.8888888888888888,0.9411764705882353
78,HORIZANT,adverse reactions,exact-meddra,26,24,23,,3,,0.8846153846153846,
79,HORIZANT,adverse reactions,non-meddra,1,24,1,,0,,1.0,
80,HORIZANT,warnings and precautions,all,40,10,14,2.0,26,0.875,0.35,0.4999999999999999
81,HORIZANT,warnings and precautions,exact-meddra,17,10,7,,10,,0.4117647058823529,
82,HORIZANT,warnings and precautions,non-meddra,23,10,7,,16,,0.30434782608695654,
83,HORIZANT,warnings and precautions,negated,2,10,1,,1,,0.5,
84,HORIZANT,warnings and precautions,discontinuous,12,10,3,,9,,0.25,
85,HORIZANT,all-concat,all,62,33,36,3.0,26,0.9230769230769231,0.5806451612903226,0.7128712871287128
86,HORIZANT,all-concat,exact-meddra,38,33,27,,11,,0.7105263157894737,
87,HORIZANT,all-concat,non-meddra,24,33,9,,15,,0.375,
88,HORIZANT,all-concat,negated,2,33,1,,1,,0.5,
89,HORIZANT,all-concat,discontinuous,12,33,3,,9,,0.25,
90,IMBRUVICA,adverse reactions,all,70,49,44,6.0,26,0.88,0.6285714285714286,0.7333333333333334
91,IMBRUVICA,adverse reactions,exact-meddra,55,49,39,,16,,0.7090909090909091,
92,IMBRUVICA,adverse reactions,non-meddra,15,49,5,,10,,0.3333333333333333,
93,IMBRUVICA,adverse reactions,discontinuous,2,49,0,,2,,0.0,
94,IMBRUVICA,warnings and precautions,all,32,19,24,2.0,8,0.9230769230769231,0.75,0.8275862068965517
95,IMBRUVICA,warnings and precautions,exact-meddra,16,19,11,,5,,0.6875,
96,IMBRUVICA,warnings and precautions,non-meddra,16,19,13,,3,,0.8125,
97,IMBRUVICA,all-concat,all,89,39,46,1.0,43,0.9787234042553191,0.5168539325842697,0.676470588235294
98,IMBRUVICA,all-concat,exact-meddra,62,39,37,,25,,0.5967741935483871,
99,IMBRUVICA,all-concat,non-meddra,27,39,9,,18,,0.3333333333333333,
100,IMBRUVICA,all-concat,discontinuous,2,39,0,,2,,0.0,
101,ULORIC,adverse reactions,all,210,188,193,2.0,17,0.9897435897435898,0.919047619047619,0.9530864197530864
102,ULORIC,adverse reactions,exact-meddra,187,188,174,,13,,0.93048128342246,
103,ULORIC,adverse reactions,non-meddra,23,188,19,,4,,0.8260869565217391,
104,ULORIC,adverse reactions,discontinuous,18,188,5,,13,,0.2777777777777778,
105,ULORIC,warnings and precautions,all,11,12,8,5.0,3,0.6153846153846154,0.7272727272727273,0.6666666666666667
106,ULORIC,warnings and precautions,exact-meddra,2,12,2,,0,,1.0,
107,ULORIC,warnings and precautions,non-meddra,9,12,6,,3,,0.6666666666666666,
108,ULORIC,all-concat,all,218,5,8,0.0,210,1.0,0.03669724770642202,0.07079646017699115
109,ULORIC,all-concat,exact-meddra,188,5,4,,184,,0.02127659574468085,
110,ULORIC,all-concat,non-meddra,30,5,4,,26,,0.13333333333333333,
111,ULORIC,all-concat,discontinuous,18,5,0,,18,,0.0,
112,CIMZIA,adverse reactions,all,107,54,62,1.0,45,0.9841269841269841,0.5794392523364486,0.7294117647058822
113,CIMZIA,adverse reactions,exact-meddra,76,54,48,,28,,0.631578947368421,
114,CIMZIA,adverse reactions,non-meddra,31,54,14,,17,,0.45161290322580644,
115,CIMZIA,adverse reactions,negated,1,54,1,,0,,1.0,
116,CIMZIA,adverse reactions,discontinuous,10,54,1,,9,,0.1,
117,CIMZIA,warnings and precautions,all,72,15,25,3.0,47,0.8928571428571429,0.3472222222222222,0.5
118,CIMZIA,warnings and precautions,exact-meddra,25,15,10,,15,,0.4,
119,CIMZIA,warnings and precautions,non-meddra,47,15,15,,32,,0.3191489361702128,
120,CIMZIA,warnings and precautions,negated,2,15,1,,1,,0.5,
121,CIMZIA,warnings and precautions,discontinuous,10,15,2,,8,,0.2,
122,CIMZIA,boxed warnings,all,27,17,24,1.0,3,0.96,0.8888888888888888,0.923076923076923
123,CIMZIA,boxed warnings,exact-meddra,13,17,12,,1,,0.9230769230769231,
124,CIMZIA,boxed warnings,non-meddra,14,17,12,,2,,0.8571428571428571,
125,CIMZIA,boxed warnings,discontinuous,8,17,7,,1,,0.875,
126,CIMZIA,all-concat,all,172,62,84,6.0,88,0.9333333333333333,0.4883720930232558,0.6412213740458015
127,CIMZIA,all-concat,exact-meddra,92,62,45,,47,,0.4891304347826087,
128,CIMZIA,all-concat,non-meddra,80,62,39,,41,,0.4875,
129,CIMZIA,all-concat,negated,3,62,2,,1,,0.6666666666666666,
130,CIMZIA,all-concat,discontinuous,27,62,11,,16,,0.4074074074074074,
131,KALYDECO,adverse reactions,all,40,26,25,1.0,15,0.9615384615384616,0.625,0.7575757575757575
132,KALYDECO,adverse reactions,exact-meddra,24,26,22,,2,,0.9166666666666666,
133,KALYDECO,adverse reactions,non-meddra,16,26,3,,13,,0.1875,
134,KALYDECO,adverse reactions,discontinuous,10,26,0,,10,,0.0,
135,KALYDECO,warnings and precautions,all,6,4,3,2.0,3,0.6,0.5,0.5454545454545454
136,KALYDECO,warnings and precautions,exact-meddra,1,4,1,,0,,1.0,
137,KALYDECO,warnings and precautions,non-meddra,5,4,2,,3,,0.4,
138,KALYDECO,warnings and precautions,discontinuous,3,4,1,,2,,0.3333333333333333,
139,KALYDECO,all-concat,all,45,26,25,1.0,20,0.9615384615384616,0.5555555555555556,0.7042253521126761
140,KALYDECO,all-concat,exact-meddra,25,26,22,,3,,0.88,
141,KALYDECO,all-concat,non-meddra,20,26,3,,17,,0.15,
142,KALYDECO,all-concat,discontinuous,13,26,0,,13,,0.0,
143,FULYZAQ,adverse reactions,all,36,36,36,0.0,0,1.0,1.0,1.0
144,FULYZAQ,adverse reactions,exact-meddra,30,36,30,,0,,1.0,
145,FULYZAQ,adverse reactions,non-meddra,6,36,6,,0,,1.0,
146,FULYZAQ,all-concat,all,36,37,36,1.0,0,0.972972972972973,1.0,0.9863013698630138
147,FULYZAQ,all-concat,exact-meddra,30,37,30,,0,,1.0,
148,FULYZAQ,all-concat,non-meddra,6,37,6,,0,,1.0,
149,QUTENZA,adverse reactions,all,40,37,38,0.0,2,1.0,0.95,0.9743589743589743
150,QUTENZA,adverse reactions,exact-meddra,34,37,34,,0,,1.0,
151,QUTENZA,adverse reactions,non-meddra,6,37,4,,2,,0.6666666666666666,
152,QUTENZA,warnings and precautions,all,6,9,5,5.0,1,0.5,0.8333333333333334,0.625
153,QUTENZA,warnings and precautions,exact-meddra,3,9,3,,0,,1.0,
154,QUTENZA,warnings and precautions,non-meddra,3,9,2,,1,,0.6666666666666666,
155,QUTENZA,all-concat,all,45,34,36,1.0,9,0.972972972972973,0.8,0.8780487804878049
156,QUTENZA,all-concat,exact-meddra,37,34,32,,5,,0.8648648648648649,
157,QUTENZA,all-concat,non-meddra,8,34,4,,4,,0.5,
158,GRANIX,adverse reactions,all,15,15,14,2.0,1,0.875,0.9333333333333333,0.9032258064516129
159,GRANIX,adverse reactions,exact-meddra,5,15,5,,0,,1.0,
160,GRANIX,adverse reactions,non-meddra,10,15,9,,1,,0.9,
161,GRANIX,warnings and precautions,all,24,13,15,1.0,9,0.9375,0.625,0.75
162,GRANIX,warnings and precautions,exact-meddra,17,13,13,,4,,0.7647058823529411,
163,GRANIX,warnings and precautions,non-meddra,7,13,2,,5,,0.2857142857142857,
164,GRANIX,warnings and precautions,discontinuous,1,13,0,,1,,0.0,
165,GRANIX,all-concat,all,35,15,13,2.0,22,0.8666666666666667,0.37142857142857144,0.52
166,GRANIX,all-concat,exact-meddra,19,15,5,,14,,0.2631578947368421,
167,GRANIX,all-concat,non-meddra,16,15,8,,8,,0.5,
168,GRANIX,all-concat,discontinuous,1,15,0,,1,,0.0,
169,COARTEM,adverse reactions,all,81,80,79,1.0,2,0.9875,0.9753086419753086,0.9813664596273292
170,COARTEM,adverse reactions,exact-meddra,78,80,78,,0,,1.0,
171,COARTEM,adverse reactions,non-meddra,3,80,1,,2,,0.3333333333333333,
172,COARTEM,warnings and precautions,all,2,48,2,45.0,0,0.0425531914893617,1.0,0.08163265306122448
173,COARTEM,warnings and precautions,non-meddra,2,48,2,,0,,1.0,
174,COARTEM,all-concat,all,83,80,79,1.0,4,0.9875,0.9518072289156626,0.9693251533742331
175,COARTEM,all-concat,exact-meddra,78,80,77,,1,,0.9871794871794872,
176,COARTEM,all-concat,non-meddra,5,80,2,,3,,0.4,
177,APTIOM,adverse reactions,all,42,23,23,1.0,19,0.9583333333333334,0.5476190476190477,0.696969696969697
178,APTIOM,adverse reactions,exact-meddra,34,23,16,,18,,0.47058823529411764,
179,APTIOM,adverse reactions,non-meddra,8,23,7,,1,,0.875,
180,APTIOM,adverse reactions,discontinuous,1,23,1,,0,,1.0,
181,APTIOM,warnings and precautions,all,86,15,19,1.0,67,0.95,0.22093023255813954,0.3584905660377359
182,APTIOM,warnings and precautions,exact-meddra,48,15,9,,39,,0.1875,
183,APTIOM,warnings and precautions,non-meddra,38,15,10,,28,,0.2631578947368421,
184,APTIOM,warnings and precautions,negated,9,15,3,,6,,0.3333333333333333,
185,APTIOM,warnings and precautions,discontinuous,8,15,3,,5,,0.375,
186,APTIOM,all-concat,all,102,30,36,2.0,66,0.9473684210526315,0.35294117647058826,0.5142857142857143
187,APTIOM,all-concat,exact-meddra,62,30,20,,42,,0.3225806451612903,
188,APTIOM,all-concat,non-meddra,40,30,16,,24,,0.4,
189,APTIOM,all-concat,negated,9,30,5,,4,,0.5555555555555556,
190,APTIOM,all-concat,discontinuous,8,30,5,,3,,0.625,
191,PROLIA,adverse reactions,all,70,48,48,4.0,22,0.9230769230769231,0.6857142857142857,0.7868852459016394
192,PROLIA,adverse reactions,exact-meddra,43,48,36,,7,,0.8372093023255814,
193,PROLIA,adverse reactions,non-meddra,27,48,12,,15,,0.4444444444444444,
194,PROLIA,adverse reactions,negated,3,48,1,,2,,0.3333333333333333,
195,PROLIA,adverse reactions,discontinuous,8,48,1,,7,,0.125,
196,PROLIA,warnings and precautions,all,39,11,10,2.0,29,0.8333333333333334,0.2564102564102564,0.392156862745098
197,PROLIA,warnings and precautions,exact-meddra,14,11,2,,12,,0.14285714285714285,
198,PROLIA,warnings and precautions,non-meddra,25,11,8,,17,,0.32,
199,PROLIA,warnings and precautions,discontinuous,9,11,1,,8,,0.1111111111111111,
200,PROLIA,all-concat,all,92,34,37,1.0,55,0.9736842105263158,0.40217391304347827,0.5692307692307693
201,PROLIA,all-concat,exact-meddra,49,34,31,,18,,0.6326530612244898,
202,PROLIA,all-concat,non-meddra,43,34,6,,37,,0.13953488372093023,
203,PROLIA,all-concat,negated,3,34,1,,2,,0.3333333333333333,
204,PROLIA,all-concat,discontinuous,16,34,2,,14,,0.125,
205,BLINCYTO,adverse reactions,all,94,77,84,2.0,10,0.9767441860465116,0.8936170212765957,0.9333333333333332
206,BLINCYTO,adverse reactions,exact-meddra,78,77,70,,8,,0.8974358974358975,
207,BLINCYTO,adverse reactions,non-meddra,16,77,14,,2,,0.875,
208,BLINCYTO,adverse reactions,negated,1,77,0,,1,,0.0,
209,BLINCYTO,adverse reactions,discontinuous,1,77,0,,1,,0.0,
210,BLINCYTO,warnings and precautions,all,46,37,37,6.0,9,0.8604651162790697,0.8043478260869565,0.8314606741573034
211,BLINCYTO,warnings and precautions,exact-meddra,24,37,22,,2,,0.9166666666666666,
212,BLINCYTO,warnings and precautions,non-meddra,22,37,15,,7,,0.6818181818181818,
213,BLINCYTO,warnings and precautions,negated,1,37,1,,0,,1.0,
214,BLINCYTO,warnings and precautions,discontinuous,2,37,0,,2,,0.0,
215,BLINCYTO,boxed warnings,all,4,4,3,1.0,1,0.75,0.75,0.75
216,BLINCYTO,boxed warnings,exact-meddra,1,4,1,,0,,1.0,
217,BLINCYTO,boxed warnings,non-meddra,3,4,2,,1,,0.6666666666666666,
218,BLINCYTO,all-concat,all,118,19,34,2.0,84,0.9444444444444444,0.288135593220339,0.4415584415584416
219,BLINCYTO,all-concat,exact-meddra,87,19,25,,62,,0.28735632183908044,
220,BLINCYTO,all-concat,non-meddra,31,19,9,,22,,0.2903225806451613,
221,BLINCYTO,all-concat,negated,2,19,0,,2,,0.0,
222,BLINCYTO,all-concat,discontinuous,2,19,0,,2,,0.0,
223,STENDRA,adverse reactions,all,59,54,55,1.0,4,0.9821428571428571,0.9322033898305084,0.9565217391304348
224,STENDRA,adverse reactions,exact-meddra,53,54,52,,1,,0.9811320754716981,
225,STENDRA,adverse reactions,non-meddra,6,54,3,,3,,0.5,
226,STENDRA,warnings and precautions,all,18,19,9,11.0,9,0.45,0.5,0.4736842105263158
227,STENDRA,warnings and precautions,exact-meddra,4,19,4,,0,,1.0,
228,STENDRA,warnings and precautions,non-meddra,14,19,5,,9,,0.35714285714285715,
229,STENDRA,warnings and precautions,discontinuous,1,19,0,,1,,0.0,
230,STENDRA,all-concat,all,72,6,5,1.0,67,0.8333333333333334,0.06944444444444445,0.12820512820512822
231,STENDRA,all-concat,exact-meddra,56,6,5,,51,,0.08928571428571429,
232,STENDRA,all-concat,non-meddra,16,6,0,,16,,0.0,
233,STENDRA,all-concat,discontinuous,1,6,0,,1,,0.0,
234,XIAFLEX,adverse reactions,all,72,29,34,2.0,38,0.9444444444444444,0.4722222222222222,0.6296296296296297
235,XIAFLEX,adverse reactions,exact-meddra,48,29,22,,26,,0.4583333333333333,
236,XIAFLEX,adverse reactions,non-meddra,24,29,12,,12,,0.5,
237,XIAFLEX,adverse reactions,negated,1,29,0,,1,,0.0,
238,XIAFLEX,adverse reactions,discontinuous,9,29,3,,6,,0.3333333333333333,
239,XIAFLEX,warnings and precautions,all,34,22,24,2.0,10,0.9230769230769231,0.7058823529411765,0.8000000000000002
240,XIAFLEX,warnings and precautions,exact-meddra,13,22,10,,3,,0.7692307692307693,
241,XIAFLEX,warnings and precautions,non-meddra,21,22,14,,7,,0.6666666666666666,
242,XIAFLEX,warnings and precautions,discontinuous,8,22,2,,6,,0.25,
243,XIAFLEX,boxed warnings,all,8,7,7,0.0,1,1.0,0.875,0.9333333333333333
244,XIAFLEX,boxed warnings,exact-meddra,1,7,1,,0,,1.0,
245,XIAFLEX,boxed warnings,non-meddra,7,7,6,,1,,0.8571428571428571,
246,XIAFLEX,boxed warnings,discontinuous,2,7,1,,1,,0.5,
247,XIAFLEX,all-concat,all,95,29,41,1.0,54,0.9761904761904762,0.43157894736842106,0.5985401459854014
248,XIAFLEX,all-concat,exact-meddra,55,29,28,,27,,0.509090909090909,
249,XIAFLEX,all-concat,non-meddra,40,29,13,,27,,0.325,
250,XIAFLEX,all-concat,negated,1,29,0,,1,,0.0,
251,XIAFLEX,all-concat,discontinuous,15,29,4,,11,,0.26666666666666666,
252,XEOMIN,adverse reactions,all,46,18,17,1.0,29,0.9444444444444444,0.3695652173913043,0.53125
253,XEOMIN,adverse reactions,exact-meddra,40,18,15,,25,,0.375,
254,XEOMIN,adverse reactions,non-meddra,6,18,2,,4,,0.3333333333333333,
255,XEOMIN,adverse reactions,negated,1,18,1,,0,,1.0,
256,XEOMIN,adverse reactions,discontinuous,5,18,0,,5,,0.0,
257,XEOMIN,warnings and precautions,all,35,30,25,6.0,10,0.8064516129032258,0.7142857142857143,0.7575757575757576
258,XEOMIN,warnings and precautions,exact-meddra,16,30,12,,4,,0.75,
259,XEOMIN,warnings and precautions,non-meddra,19,30,13,,6,,0.6842105263157895,
260,XEOMIN,warnings and precautions,discontinuous,5,30,4,,1,,0.8,
261,XEOMIN,boxed warnings,all,16,11,11,0.0,5,1.0,0.6875,0.8148148148148148
262,XEOMIN,boxed warnings,exact-meddra,10,11,10,,0,,1.0,
263,XEOMIN,boxed warnings,non-meddra,6,11,1,,5,,0.16666666666666666,
264,XEOMIN,boxed warnings,discontinuous,1,11,0,,1,,0.0,
265,XEOMIN,all-concat,all,81,18,24,0.0,57,1.0,0.2962962962962963,0.45714285714285713
266,XEOMIN,all-concat,exact-meddra,53,18,18,,35,,0.33962264150943394,
267,XEOMIN,all-concat,non-meddra,28,18,6,,22,,0.21428571428571427,
268,XEOMIN,all-concat,negated,1,18,1,,0,,1.0,
269,XEOMIN,all-concat,discontinuous,10,18,0,,10,,0.0,
270,GILOTRIF,adverse reactions,all,49,47,46,1.0,3,0.9787234042553191,0.9387755102040817,0.9583333333333333
271,GILOTRIF,adverse reactions,exact-meddra,42,47,40,,2,,0.9523809523809523,
272,GILOTRIF,adverse reactions,non-meddra,7,47,6,,1,,0.8571428571428571,
273,GILOTRIF,adverse reactions,discontinuous,1,47,1,,0,,1.0,
274,GILOTRIF,warnings and precautions,all,39,33,32,3.0,7,0.9142857142857143,0.8205128205128205,0.8648648648648648
275,GILOTRIF,warnings and precautions,exact-meddra,20,33,16,,4,,0.8,
276,GILOTRIF,warnings and precautions,non-meddra,19,33,16,,3,,0.8421052631578947,
277,GILOTRIF,warnings and precautions,discontinuous,6,33,6,,0,,1.0,
278,GILOTRIF,all-concat,all,80,36,38,1.0,42,0.9743589743589743,0.475,0.6386554621848739
279,GILOTRIF,all-concat,exact-meddra,58,36,22,,36,,0.3793103448275862,
280,GILOTRIF,all-concat,non-meddra,22,36,16,,6,,0.7272727272727273,
281,GILOTRIF,all-concat,discontinuous,7,36,6,,1,,0.8571428571428571,
282,TREANDA,adverse reactions,all,123,95,107,1.0,16,0.9907407407407407,0.8699186991869918,0.9264069264069263
283,TREANDA,adverse reactions,exact-meddra,99,95,92,,7,,0.9292929292929293,
284,TREANDA,adverse reactions,non-meddra,24,95,15,,9,,0.625,
285,TREANDA,adverse reactions,negated,1,95,1,,0,,1.0,
286,TREANDA,adverse reactions,discontinuous,14,95,13,,1,,0.9285714285714286,
287,TREANDA,warnings and precautions,all,51,14,20,0.0,31,1.0,0.39215686274509803,0.5633802816901409
288,TREANDA,warnings and precautions,exact-meddra,27,14,9,,18,,0.3333333333333333,
289,TREANDA,warnings and precautions,non-meddra,24,14,11,,13,,0.4583333333333333,
290,TREANDA,warnings and precautions,discontinuous,4,14,1,,3,,0.25,
291,TREANDA,all-concat,all,154,101,113,4.0,41,0.9658119658119658,0.7337662337662337,0.8339483394833948
292,TREANDA,all-concat,exact-meddra,111,101,97,,14,,0.8738738738738738,
293,TREANDA,all-concat,non-meddra,43,101,16,,27,,0.37209302325581395,
294,TREANDA,all-concat,negated,1,101,0,,1,,0.0,
295,TREANDA,all-concat,discontinuous,18,101,9,,9,,0.5,
296,CHOLINE,adverse reactions,all,1,2,1,1.0,0,0.5,1.0,0.6666666666666666
297,CHOLINE,adverse reactions,exact-meddra,1,2,1,,0,,1.0,
298,CHOLINE,warnings and precautions,all,4,11,3,8.0,1,0.2727272727272727,0.75,0.39999999999999997
299,CHOLINE,warnings and precautions,exact-meddra,2,11,2,,0,,1.0,
300,CHOLINE,warnings and precautions,non-meddra,2,11,1,,1,,0.5,
301,CHOLINE,all-concat,all,5,5,3,2.0,2,0.6,0.6,0.6
302,CHOLINE,all-concat,exact-meddra,3,5,1,,2,,0.3333333333333333,
303,CHOLINE,all-concat,non-meddra,2,5,2,,0,,1.0,
304,ERWINAZE,adverse reactions,all,32,16,20,1.0,12,0.9523809523809523,0.625,0.7547169811320755
305,ERWINAZE,adverse reactions,exact-meddra,19,16,14,,5,,0.7368421052631579,
306,ERWINAZE,adverse reactions,non-meddra,13,16,6,,7,,0.46153846153846156,
307,ERWINAZE,adverse reactions,negated,6,16,2,,4,,0.3333333333333333,
308,ERWINAZE,adverse reactions,discontinuous,4,16,2,,2,,0.5,
309,ERWINAZE,warnings and precautions,all,15,7,8,1.0,7,0.8888888888888888,0.5333333333333333,0.6666666666666667
310,ERWINAZE,warnings and precautions,exact-meddra,8,7,7,,1,,0.875,
311,ERWINAZE,warnings and precautions,non-meddra,7,7,1,,6,,0.14285714285714285,
312,ERWINAZE,warnings and precautions,discontinuous,5,7,0,,5,,0.0,
313,ERWINAZE,all-concat,all,41,18,20,1.0,21,0.9523809523809523,0.4878048780487805,0.6451612903225806
314,ERWINAZE,all-concat,exact-meddra,23,18,17,,6,,0.7391304347826086,
315,ERWINAZE,all-concat,non-meddra,18,18,3,,15,,0.16666666666666666,
316,ERWINAZE,all-concat,negated,6,18,1,,5,,0.16666666666666666,
317,ERWINAZE,all-concat,discontinuous,9,18,1,,8,,0.1111111111111111,
318,TRULICITY,adverse reactions,all,48,37,31,11.0,17,0.7380952380952381,0.6458333333333334,0.6888888888888889
319,TRULICITY,adverse reactions,exact-meddra,30,37,21,,9,,0.7,
320,TRULICITY,adverse reactions,non-meddra,18,37,10,,8,,0.5555555555555556,
321,TRULICITY,adverse reactions,discontinuous,7,37,1,,6,,0.14285714285714285,
322,TRULICITY,warnings and precautions,all,17,6,5,1.0,12,0.8333333333333334,0.29411764705882354,0.4347826086956522
323,TRULICITY,warnings and precautions,exact-meddra,8,6,4,,4,,0.5,
324,TRULICITY,warnings and precautions,non-meddra,9,6,1,,8,,0.1111111111111111,
325,TRULICITY,warnings and precautions,discontinuous,2,6,0,,2,,0.0,
326,TRULICITY,boxed warnings,all,5,8,5,4.0,0,0.5555555555555556,1.0,0.7142857142857143
327,TRULICITY,boxed warnings,non-meddra,5,8,5,,0,,1.0,
328,TRULICITY,boxed warnings,discontinuous,2,8,2,,0,,1.0,
329,TRULICITY,all-concat,all,55,42,36,11.0,19,0.7659574468085106,0.6545454545454545,0.7058823529411765
330,TRULICITY,all-concat,exact-meddra,31,42,21,,10,,0.6774193548387096,
331,TRULICITY,all-concat,non-meddra,24,42,15,,9,,0.625,
332,TRULICITY,all-concat,discontinuous,9,42,4,,5,,0.4444444444444444,
333,ADREVIEW,adverse reactions,all,11,8,7,1.0,4,0.875,0.6363636363636364,0.7368421052631579
334,ADREVIEW,adverse reactions,exact-meddra,8,8,5,,3,,0.625,
335,ADREVIEW,adverse reactions,non-meddra,3,8,2,,1,,0.6666666666666666,
336,ADREVIEW,adverse reactions,discontinuous,3,8,0,,3,,0.0,
337,ADREVIEW,warnings and precautions,all,4,14,3,11.0,1,0.21428571428571427,0.75,0.3333333333333333
338,ADREVIEW,warnings and precautions,exact-meddra,1,14,1,,0,,1.0,
339,ADREVIEW,warnings and precautions,non-meddra,3,14,2,,1,,0.6666666666666666,
340,ADREVIEW,all-concat,all,14,10,9,1.0,5,0.9,0.6428571428571429,0.75
341,ADREVIEW,all-concat,exact-meddra,9,10,7,,2,,0.7777777777777778,
342,ADREVIEW,all-concat,non-meddra,5,10,2,,3,,0.4,
343,ADREVIEW,all-concat,discontinuous,3,10,2,,1,,0.6666666666666666,
344,DOTAREM,adverse reactions,all,59,37,39,0.0,20,1.0,0.6610169491525424,0.7959183673469388
345,DOTAREM,adverse reactions,exact-meddra,54,37,36,,18,,0.6666666666666666,
346,DOTAREM,adverse reactions,non-meddra,5,37,3,,2,,0.6,
347,DOTAREM,adverse reactions,negated,1,37,1,,0,,1.0,
348,DOTAREM,adverse reactions,discontinuous,4,37,1,,3,,0.25,
349,DOTAREM,warnings and precautions,all,16,12,12,2.0,4,0.8571428571428571,0.75,0.7999999999999999
350,DOTAREM,warnings and precautions,exact-meddra,7,12,6,,1,,0.8571428571428571,
351,DOTAREM,warnings and precautions,non-meddra,9,12,6,,3,,0.6666666666666666,
352,DOTAREM,warnings and precautions,discontinuous,5,12,4,,1,,0.8,
353,DOTAREM,boxed warnings,all,4,18,4,11.0,0,0.26666666666666666,1.0,0.4210526315789474
354,DOTAREM,boxed warnings,exact-meddra,2,18,2,,0,,1.0,
355,DOTAREM,boxed warnings,non-meddra,2,18,2,,0,,1.0,
356,DOTAREM,all-concat,all,71,57,60,0.0,11,1.0,0.8450704225352113,0.916030534351145
357,DOTAREM,all-concat,exact-meddra,59,57,56,,3,,0.9491525423728814,
358,DOTAREM,all-concat,non-meddra,12,57,4,,8,,0.3333333333333333,
359,DOTAREM,all-concat,negated,1,57,1,,0,,1.0,
360,DOTAREM,all-concat,discontinuous,9,57,5,,4,,0.5555555555555556,
361,PRADAXA,adverse reactions,all,59,30,44,0.0,15,1.0,0.7457627118644068,0.8543689320388349
362,PRADAXA,adverse reactions,exact-meddra,35,30,30,,5,,0.8571428571428571,
363,PRADAXA,adverse reactions,non-meddra,24,30,14,,10,,0.5833333333333334,
364,PRADAXA,adverse reactions,negated,1,30,0,,1,,0.0,
365,PRADAXA,adverse reactions,discontinuous,8,30,6,,2,,0.75,
366,PRADAXA,warnings and precautions,all,12,16,8,4.0,4,0.6666666666666666,0.6666666666666666,0.6666666666666666
367,PRADAXA,warnings and precautions,exact-meddra,6,16,5,,1,,0.8333333333333334,
368,PRADAXA,warnings and precautions,non-meddra,6,16,3,,3,,0.5,
369,PRADAXA,warnings and precautions,discontinuous,3,16,1,,2,,0.3333333333333333,
370,PRADAXA,boxed warnings,all,7,3,3,2.0,4,0.6,0.42857142857142855,0.5
371,PRADAXA,boxed warnings,exact-meddra,2,3,1,,1,,0.5,
372,PRADAXA,boxed warnings,non-meddra,5,3,2,,3,,0.4,
373,PRADAXA,boxed warnings,discontinuous,3,3,1,,2,,0.3333333333333333,
374,PRADAXA,all-concat,all,72,23,37,0.0,35,1.0,0.5138888888888888,0.6788990825688073
375,PRADAXA,all-concat,exact-meddra,39,23,24,,15,,0.6153846153846154,
376,PRADAXA,all-concat,non-meddra,33,23,13,,20,,0.3939393939393939,
377,PRADAXA,all-concat,negated,1,23,0,,1,,0.0,
378,PRADAXA,all-concat,discontinuous,14,23,6,,8,,0.42857142857142855,
379,ELIQUIS,adverse reactions,all,105,33,39,5.0,66,0.8863636363636364,0.37142857142857144,0.5234899328859062
380,ELIQUIS,adverse reactions,exact-meddra,69,33,17,,52,,0.2463768115942029,
381,ELIQUIS,adverse reactions,non-meddra,36,33,22,,14,,0.6111111111111112,
382,ELIQUIS,adverse reactions,negated,1,33,1,,0,,1.0,
383,ELIQUIS,adverse reactions,discontinuous,15,33,13,,2,,0.8666666666666667,
384,ELIQUIS,warnings and precautions,all,8,14,7,7.0,1,0.5,0.875,0.6363636363636364
385,ELIQUIS,warnings and precautions,exact-meddra,4,14,3,,1,,0.75,
386,ELIQUIS,warnings and precautions,non-meddra,4,14,4,,0,,1.0,
387,ELIQUIS,warnings and precautions,discontinuous,2,14,2,,0,,1.0,
388,ELIQUIS,boxed warnings,all,8,5,6,2.0,2,0.75,0.75,0.75
389,ELIQUIS,boxed warnings,exact-meddra,2,5,1,,1,,0.5,
390,ELIQUIS,boxed warnings,non-meddra,6,5,5,,1,,0.8333333333333334,
391,ELIQUIS,boxed warnings,discontinuous,3,5,2,,1,,0.6666666666666666,
392,ELIQUIS,all-concat,all,113,53,78,2.0,35,0.975,0.6902654867256637,0.8082901554404145
393,ELIQUIS,all-concat,exact-meddra,72,53,53,,19,,0.7361111111111112,
394,ELIQUIS,all-concat,non-meddra,41,53,25,,16,,0.6097560975609756,
395,ELIQUIS,all-concat,negated,1,53,1,,0,,1.0,
396,ELIQUIS,all-concat,discontinuous,19,53,14,,5,,0.7368421052631579,
397,ZERBAXA,adverse reactions,all,48,45,46,0.0,2,1.0,0.9583333333333334,0.9787234042553191
398,ZERBAXA,adverse reactions,exact-meddra,38,45,38,,0,,1.0,
399,ZERBAXA,adverse reactions,non-meddra,10,45,8,,2,,0.8,
400,ZERBAXA,adverse reactions,discontinuous,2,45,1,,1,,0.5,
401,ZERBAXA,warnings and precautions,all,7,5,3,2.0,4,0.6,0.42857142857142855,0.5
402,ZERBAXA,warnings and precautions,exact-meddra,2,5,1,,1,,0.5,
403,ZERBAXA,warnings and precautions,non-meddra,5,5,2,,3,,0.4,
404,ZERBAXA,warnings and precautions,discontinuous,2,5,2,,0,,1.0,
405,ZERBAXA,all-concat,all,52,45,46,0.0,6,1.0,0.8846153846153846,0.9387755102040816
406,ZERBAXA,all-concat,exact-meddra,39,45,38,,1,,0.9743589743589743,
407,ZERBAXA,all-concat,non-meddra,13,45,8,,5,,0.6153846153846154,
408,ZERBAXA,all-concat,discontinuous,4,45,2,,2,,0.5,
409,FERRIPROX,adverse reactions,all,85,85,83,2.0,2,0.9764705882352941,0.9764705882352941,0.9764705882352941
410,FERRIPROX,adverse reactions,exact-meddra,80,85,79,,1,,0.9875,
411,FERRIPROX,adverse reactions,non-meddra,5,85,4,,1,,0.8,
412,FERRIPROX,adverse reactions,discontinuous,1,85,0,,1,,0.0,
413,FERRIPROX,warnings and precautions,all,14,4,4,1.0,10,0.8,0.2857142857142857,0.4210526315789473
414,FERRIPROX,warnings and precautions,exact-meddra,3,4,3,,0,,1.0,
415,FERRIPROX,warnings and precautions,non-meddra,11,4,1,,10,,0.09090909090909091,
416,FERRIPROX,warnings and precautions,discontinuous,4,4,0,,4,,0.0,
417,FERRIPROX,boxed warnings,all,4,4,4,0.0,0,1.0,1.0,1.0
418,FERRIPROX,boxed warnings,exact-meddra,3,4,3,,0,,1.0,
419,FERRIPROX,boxed warnings,non-meddra,1,4,1,,0,,1.0,
420,FERRIPROX,all-concat,all,97,83,85,0.0,12,1.0,0.8762886597938144,0.9340659340659341
421,FERRIPROX,all-concat,exact-meddra,81,83,80,,1,,0.9876543209876543,
422,FERRIPROX,all-concat,non-meddra,16,83,5,,11,,0.3125,
423,FERRIPROX,all-concat,discontinuous,5,83,0,,5,,0.0,
424,DALVANCE,adverse reactions,all,38,36,35,1.0,3,0.9722222222222222,0.9210526315789473,0.9459459459459458
425,DALVANCE,adverse reactions,exact-meddra,33,36,33,,0,,1.0,
426,DALVANCE,adverse reactions,non-meddra,5,36,2,,3,,0.4,
427,DALVANCE,adverse reactions,negated,1,36,0,,1,,0.0,
428,DALVANCE,warnings and precautions,all,20,18,15,4.0,5,0.7894736842105263,0.75,0.7692307692307692
429,DALVANCE,warnings and precautions,exact-meddra,5,18,5,,0,,1.0,
430,DALVANCE,warnings and precautions,non-meddra,15,18,10,,5,,0.6666666666666666,
431,DALVANCE,warnings and precautions,discontinuous,8,18,3,,5,,0.375,
432,DALVANCE,all-concat,all,52,36,38,1.0,14,0.9743589743589743,0.7307692307692307,0.8351648351648352
433,DALVANCE,all-concat,exact-meddra,34,36,34,,0,,1.0,
434,DALVANCE,all-concat,non-meddra,18,36,4,,14,,0.2222222222222222,
435,DALVANCE,all-concat,negated,1,36,0,,1,,0.0,
436,DALVANCE,all-concat,discontinuous,8,36,0,,8,,0.0,
437,ARCAPTA,adverse reactions,all,35,23,29,0.0,6,1.0,0.8285714285714286,0.90625
438,ARCAPTA,adverse reactions,exact-meddra,26,23,25,,1,,0.9615384615384616,
439,ARCAPTA,adverse reactions,non-meddra,9,23,4,,5,,0.4444444444444444,
440,ARCAPTA,adverse reactions,negated,5,23,2,,3,,0.4,
441,ARCAPTA,adverse reactions,discontinuous,2,23,0,,2,,0.0,
442,ARCAPTA,warnings and precautions,all,22,11,8,4.0,14,0.6666666666666666,0.36363636363636365,0.4705882352941177
443,ARCAPTA,warnings and precautions,exact-meddra,2,11,2,,0,,1.0,
444,ARCAPTA,warnings and precautions,non-meddra,20,11,6,,14,,0.3,
445,ARCAPTA,warnings and precautions,discontinuous,3,11,0,,3,,0.0,
446,ARCAPTA,boxed warnings,all,2,9,2,6.0,0,0.25,1.0,0.4
447,ARCAPTA,boxed warnings,exact-meddra,1,9,1,,0,,1.0,
448,ARCAPTA,boxed warnings,non-meddra,1,9,1,,0,,1.0,
449,ARCAPTA,all-concat,all,53,23,29,0.0,24,1.0,0.5471698113207547,0.7073170731707317
450,ARCAPTA,all-concat,exact-meddra,26,23,24,,2,,0.9230769230769231,
451,ARCAPTA,all-concat,non-meddra,27,23,5,,22,,0.18518518518518517,
452,ARCAPTA,all-concat,negated,5,23,2,,3,,0.4,
453,ARCAPTA,all-concat,discontinuous,5,23,0,,5,,0.0,
454,CERDELGA,adverse reactions,all,19,19,19,0.0,0,1.0,1.0,1.0
455,CERDELGA,adverse reactions,exact-meddra,18,19,18,,0,,1.0,
456,CERDELGA,adverse reactions,non-meddra,1,19,1,,0,,1.0,
457,CERDELGA,warnings and precautions,all,8,5,2,3.0,6,0.4,0.25,0.3076923076923077
458,CERDELGA,warnings and precautions,non-meddra,8,5,2,,6,,0.25,
459,CERDELGA,warnings and precautions,discontinuous,6,5,0,,6,,0.0,
460,CERDELGA,all-concat,all,27,20,19,1.0,8,0.95,0.7037037037037037,0.8085106382978724
461,CERDELGA,all-concat,exact-meddra,18,20,18,,0,,1.0,
462,CERDELGA,all-concat,non-meddra,9,20,1,,8,,0.1111111111111111,
463,CERDELGA,all-concat,discontinuous,6,20,0,,6,,0.0,
464,GADAVIST,adverse reactions,all,54,41,46,1.0,8,0.9787234042553191,0.8518518518518519,0.9108910891089108
465,GADAVIST,adverse reactions,exact-meddra,49,41,43,,6,,0.8775510204081632,
466,GADAVIST,adverse reactions,non-meddra,5,41,3,,2,,0.6,
467,GADAVIST,adverse reactions,discontinuous,5,41,5,,0,,1.0,
468,GADAVIST,warnings and precautions,all,12,7,8,0.0,4,1.0,0.6666666666666666,0.8
469,GADAVIST,warnings and precautions,exact-meddra,3,7,3,,0,,1.0,
470,GADAVIST,warnings and precautions,non-meddra,9,7,5,,4,,0.5555555555555556,
471,GADAVIST,warnings and precautions,discontinuous,4,7,3,,1,,0.75,
472,GADAVIST,boxed warnings,all,4,5,2,4.0,2,0.3333333333333333,0.5,0.4
473,GADAVIST,boxed warnings,exact-meddra,2,5,2,,0,,1.0,
474,GADAVIST,boxed warnings,non-meddra,2,5,0,,2,,0.0,
475,GADAVIST,all-concat,all,63,45,47,0.0,16,1.0,0.746031746031746,0.8545454545454546
476,GADAVIST,all-concat,exact-meddra,51,45,44,,7,,0.8627450980392157,
477,GADAVIST,all-concat,non-meddra,12,45,3,,9,,0.25,
478,GADAVIST,all-concat,discontinuous,9,45,3,,6,,0.3333333333333333,
479,ZYKADIA,adverse reactions,all,72,39,44,4.0,28,0.9166666666666666,0.6111111111111112,0.7333333333333334
480,ZYKADIA,adverse reactions,exact-meddra,59,39,37,,22,,0.6271186440677966,
481,ZYKADIA,adverse reactions,non-meddra,13,39,7,,6,,0.5384615384615384,
482,ZYKADIA,adverse reactions,discontinuous,5,39,2,,3,,0.4,
483,ZYKADIA,warnings and precautions,all,34,13,16,1.0,18,0.9411764705882353,0.47058823529411764,0.627450980392157
484,ZYKADIA,warnings and precautions,exact-meddra,14,13,12,,2,,0.8571428571428571,
485,ZYKADIA,warnings and precautions,non-meddra,20,13,4,,16,,0.2,
486,ZYKADIA,warnings and precautions,discontinuous,2,13,0,,2,,0.0,
487,ZYKADIA,all-concat,all,92,9,12,0.0,80,1.0,0.13043478260869565,0.23076923076923078
488,ZYKADIA,all-concat,exact-meddra,63,9,10,,53,,0.15873015873015872,
489,ZYKADIA,all-concat,non-meddra,29,9,2,,27,,0.06896551724137931,
490,ZYKADIA,all-concat,discontinuous,7,9,0,,7,,0.0,
491,XALKORI,adverse reactions,all,81,52,60,1.0,21,0.9836065573770492,0.7407407407407407,0.8450704225352113
492,XALKORI,adverse reactions,exact-meddra,61,52,48,,13,,0.7868852459016393,
493,XALKORI,adverse reactions,non-meddra,20,52,12,,8,,0.6,
494,XALKORI,adverse reactions,negated,1,52,0,,1,,0.0,
495,XALKORI,adverse reactions,discontinuous,6,52,4,,2,,0.6666666666666666,
496,XALKORI,warnings and precautions,all,29,17,15,5.0,14,0.75,0.5172413793103449,0.6122448979591838
497,XALKORI,warnings and precautions,exact-meddra,9,17,6,,3,,0.6666666666666666,
498,XALKORI,warnings and precautions,non-meddra,20,17,9,,11,,0.45,
499,XALKORI,warnings and precautions,discontinuous,6,17,0,,6,,0.0,
500,XALKORI,all-concat,all,99,55,58,6.0,41,0.90625,0.5858585858585859,0.7116564417177914
501,XALKORI,all-concat,exact-meddra,65,55,43,,22,,0.6615384615384615,
502,XALKORI,all-concat,non-meddra,34,55,15,,19,,0.4411764705882353,
503,XALKORI,all-concat,negated,1,55,0,,1,,0.0,
504,XALKORI,all-concat,discontinuous,12,55,4,,8,,0.3333333333333333,
505,BEPREVE,adverse reactions,all,10,10,10,0.0,0,1.0,1.0,1.0
506,BEPREVE,adverse reactions,exact-meddra,6,10,6,,0,,1.0,
507,BEPREVE,adverse reactions,non-meddra,4,10,4,,0,,1.0,
508,BEPREVE,adverse reactions,discontinuous,2,10,2,,0,,1.0,
509,BEPREVE,all-concat,all,10,9,9,0.0,1,1.0,0.9,0.9473684210526316
510,BEPREVE,all-concat,exact-meddra,6,9,6,,0,,1.0,
511,BEPREVE,all-concat,non-meddra,4,9,3,,1,,0.75,
512,BEPREVE,all-concat,discontinuous,2,9,2,,0,,1.0,
513,EDARBI,adverse reactions,all,25,13,14,1.0,11,0.9333333333333333,0.56,0.7000000000000001
514,EDARBI,adverse reactions,exact-meddra,14,13,14,,0,,1.0,
515,EDARBI,adverse reactions,non-meddra,11,13,0,,11,,0.0,
516,EDARBI,adverse reactions,discontinuous,8,13,0,,8,,0.0,
517,EDARBI,warnings and precautions,all,21,11,14,0.0,7,1.0,0.6666666666666666,0.8
518,EDARBI,warnings and precautions,exact-meddra,3,11,3,,0,,1.0,
519,EDARBI,warnings and precautions,non-meddra,18,11,11,,7,,0.6111111111111112,
520,EDARBI,warnings and precautions,discontinuous,9,11,7,,2,,0.7777777777777778,
521,EDARBI,boxed warnings,all,3,3,3,0.0,0,1.0,1.0,1.0
522,EDARBI,boxed warnings,non-meddra,3,3,3,,0,,1.0,
523,EDARBI,boxed warnings,discontinuous,1,3,1,,0,,1.0,
524,EDARBI,all-concat,all,48,12,16,0.0,32,1.0,0.3333333333333333,0.5
525,EDARBI,all-concat,exact-meddra,17,12,12,,5,,0.7058823529411765,
526,EDARBI,all-concat,non-meddra,31,12,4,,27,,0.12903225806451613,
527,EDARBI,all-concat,discontinuous,18,12,2,,16,,0.1111111111111111,
528,POTIGA,adverse reactions,all,66,65,64,2.0,2,0.9696969696969697,0.9696969696969697,0.9696969696969697
529,POTIGA,adverse reactions,exact-meddra,59,65,58,,1,,0.9830508474576272,
530,POTIGA,adverse reactions,non-meddra,7,65,6,,1,,0.8571428571428571,
531,POTIGA,adverse reactions,discontinuous,1,65,1,,0,,1.0,
532,POTIGA,warnings and precautions,all,52,13,20,1.0,32,0.9523809523809523,0.38461538461538464,0.547945205479452
533,POTIGA,warnings and precautions,exact-meddra,19,13,12,,7,,0.631578947368421,
534,POTIGA,warnings and precautions,non-meddra,33,13,8,,25,,0.24242424242424243,
535,POTIGA,warnings and precautions,negated,3,13,2,,1,,0.6666666666666666,
536,POTIGA,warnings and precautions,discontinuous,15,13,7,,8,,0.4666666666666667,
537,POTIGA,boxed warnings,all,8,6,6,2.0,2,0.75,0.75,0.75
538,POTIGA,boxed warnings,exact-meddra,1,6,1,,0,,1.0,
539,POTIGA,boxed warnings,non-meddra,7,6,5,,2,,0.7142857142857143,
540,POTIGA,boxed warnings,negated,1,6,0,,1,,0.0,
541,POTIGA,boxed warnings,discontinuous,2,6,2,,0,,1.0,
542,POTIGA,all-concat,all,108,55,56,4.0,52,0.9333333333333333,0.5185185185185185,0.6666666666666667
543,POTIGA,all-concat,exact-meddra,67,55,30,,37,,0.44776119402985076,
544,POTIGA,all-concat,non-meddra,41,55,26,,15,,0.6341463414634146,
545,POTIGA,all-concat,negated,4,55,4,,0,,1.0,
546,POTIGA,all-concat,discontinuous,17,55,13,,4,,0.7647058823529411,
547,TUDORZA,adverse reactions,all,28,24,25,0.0,3,1.0,0.8928571428571429,0.9433962264150945
548,TUDORZA,adverse reactions,exact-meddra,22,24,22,,0,,1.0,
549,TUDORZA,adverse reactions,non-meddra,6,24,3,,3,,0.5,
550,TUDORZA,adverse reactions,discontinuous,2,24,0,,2,,0.0,
551,TUDORZA,warnings and precautions,all,14,11,11,1.0,3,0.9166666666666666,0.7857142857142857,0.8461538461538461
552,TUDORZA,warnings and precautions,exact-meddra,7,11,7,,0,,1.0,
553,TUDORZA,warnings and precautions,non-meddra,7,11,4,,3,,0.5714285714285714,
554,TUDORZA,warnings and precautions,discontinuous,2,11,0,,2,,0.0,
555,TUDORZA,all-concat,all,29,26,26,1.0,3,0.9629629629629629,0.896551724137931,0.9285714285714286
556,TUDORZA,all-concat,exact-meddra,22,26,22,,0,,1.0,
557,TUDORZA,all-concat,non-meddra,7,26,4,,3,,0.5714285714285714,
558,TUDORZA,all-concat,discontinuous,2,26,0,,2,,0.0,
559,PROMACTA,adverse reactions,all,66,51,56,1.0,10,0.9824561403508771,0.8484848484848485,0.9105691056910568
560,PROMACTA,adverse reactions,exact-meddra,52,51,48,,4,,0.9230769230769231,
561,PROMACTA,adverse reactions,non-meddra,14,51,8,,6,,0.5714285714285714,
562,PROMACTA,adverse reactions,discontinuous,2,51,0,,2,,0.0,
563,PROMACTA,warnings and precautions,all,25,24,22,6.0,3,0.7857142857142857,0.88,0.830188679245283
564,PROMACTA,warnings and precautions,exact-meddra,11,24,11,,0,,1.0,
565,PROMACTA,warnings and precautions,non-meddra,14,24,11,,3,,0.7857142857142857,
566,PROMACTA,warnings and precautions,negated,1,24,1,,0,,1.0,
567,PROMACTA,warnings and precautions,discontinuous,6,24,6,,0,,1.0,
568,PROMACTA,boxed warnings,all,1,1,1,0.0,0,1.0,1.0,1.0
569,PROMACTA,boxed warnings,exact-meddra,1,1,1,,0,,1.0,
570,PROMACTA,all-concat,all,82,61,66,4.0,16,0.9428571428571428,0.8048780487804879,0.868421052631579
571,PROMACTA,all-concat,exact-meddra,56,61,51,,5,,0.9107142857142857,
572,PROMACTA,all-concat,non-meddra,26,61,15,,11,,0.5769230769230769,
573,PROMACTA,all-concat,negated,1,61,1,,0,,1.0,
574,PROMACTA,all-concat,discontinuous,7,61,4,,3,,0.5714285714285714,
575,INLYTA,adverse reactions,all,79,67,67,1.0,12,0.9852941176470589,0.8481012658227848,0.91156462585034
576,INLYTA,adverse reactions,exact-meddra,66,67,63,,3,,0.9545454545454546,
577,INLYTA,adverse reactions,non-meddra,13,67,4,,9,,0.3076923076923077,
578,INLYTA,adverse reactions,discontinuous,3,67,1,,2,,0.3333333333333333,
579,INLYTA,warnings and precautions,all,52,37,32,7.0,20,0.8205128205128205,0.6153846153846154,0.7032967032967034
580,INLYTA,warnings and precautions,exact-meddra,31,37,24,,7,,0.7741935483870968,
581,INLYTA,warnings and precautions,non-meddra,21,37,8,,13,,0.38095238095238093,
582,INLYTA,warnings and precautions,discontinuous,6,37,3,,3,,0.5,
583,INLYTA,all-concat,all,116,67,72,0.0,44,1.0,0.6206896551724138,0.7659574468085107
584,INLYTA,all-concat,exact-meddra,85,67,66,,19,,0.7764705882352941,
585,INLYTA,all-concat,non-meddra,31,67,6,,25,,0.1935483870967742,
586,INLYTA,all-concat,discontinuous,9,67,1,,8,,0.1111111111111111,
587,NORTHERA,adverse reactions,all,15,16,14,2.0,1,0.875,0.9333333333333333,0.9032258064516129
588,NORTHERA,adverse reactions,exact-meddra,9,16,9,,0,,1.0,
589,NORTHERA,adverse reactions,non-meddra,6,16,5,,1,,0.8333333333333334,
590,NORTHERA,adverse reactions,discontinuous,3,16,2,,1,,0.6666666666666666,
591,NORTHERA,warnings and precautions,all,18,17,13,5.0,5,0.7222222222222222,0.7222222222222222,0.7222222222222222
592,NORTHERA,warnings and precautions,exact-meddra,8,17,8,,0,,1.0,
593,NORTHERA,warnings and precautions,non-meddra,10,17,5,,5,,0.5,
594,NORTHERA,warnings and precautions,discontinuous,3,17,0,,3,,0.0,
595,NORTHERA,boxed warnings,all,1,2,1,1.0,0,0.5,1.0,0.6666666666666666
596,NORTHERA,boxed warnings,non-meddra,1,2,1,,0,,1.0,
597,NORTHERA,all-concat,all,27,12,11,1.0,16,0.9166666666666666,0.4074074074074074,0.5641025641025641
598,NORTHERA,all-concat,exact-meddra,15,12,7,,8,,0.4666666666666667,
599,NORTHERA,all-concat,non-meddra,12,12,4,,8,,0.3333333333333333,
600,NORTHERA,all-concat,discontinuous,3,12,3,,0,,1.0,
601,JARDIANCE,adverse reactions,all,62,18,22,1.0,40,0.9565217391304348,0.3548387096774194,0.5176470588235295
602,JARDIANCE,adverse reactions,exact-meddra,40,18,10,,30,,0.25,
603,JARDIANCE,adverse reactions,non-meddra,22,18,12,,10,,0.5454545454545454,
604,JARDIANCE,adverse reactions,negated,1,18,0,,1,,0.0,
605,JARDIANCE,adverse reactions,discontinuous,3,18,0,,3,,0.0,
606,JARDIANCE,warnings and precautions,all,13,7,7,1.0,6,0.875,0.5384615384615384,0.6666666666666667
607,JARDIANCE,warnings and precautions,exact-meddra,3,7,2,,1,,0.6666666666666666,
608,JARDIANCE,warnings and precautions,non-meddra,10,7,5,,5,,0.5,
609,JARDIANCE,all-concat,all,69,35,39,2.0,30,0.9512195121951219,0.5652173913043478,0.7090909090909091
610,JARDIANCE,all-concat,exact-meddra,41,35,29,,12,,0.7073170731707317,
611,JARDIANCE,all-concat,non-meddra,28,35,10,,18,,0.35714285714285715,
612,JARDIANCE,all-concat,negated,1,35,0,,1,,0.0,
613,JARDIANCE,all-concat,discontinuous,3,35,0,,3,,0.0,
614,FANAPT,adverse reactions,all,131,9,9,1.0,122,0.9,0.06870229007633588,0.12765957446808512
615,FANAPT,adverse reactions,exact-meddra,125,9,9,,116,,0.072,
616,FANAPT,adverse reactions,non-meddra,6,9,0,,6,,0.0,
617,FANAPT,adverse reactions,discontinuous,7,9,0,,7,,0.0,
618,FANAPT,warnings and precautions,all,87,22,27,0.0,60,1.0,0.3103448275862069,0.4736842105263158
619,FANAPT,warnings and precautions,exact-meddra,38,22,18,,20,,0.47368421052631576,
620,FANAPT,warnings and precautions,non-meddra,49,22,9,,40,,0.1836734693877551,
621,FANAPT,warnings and precautions,negated,2,22,1,,1,,0.5,
622,FANAPT,warnings and precautions,discontinuous,8,22,0,,8,,0.0,
623,FANAPT,boxed warnings,all,6,8,6,2.0,0,0.75,1.0,0.8571428571428571
624,FANAPT,boxed warnings,exact-meddra,4,8,4,,0,,1.0,
625,FANAPT,boxed warnings,non-meddra,2,8,2,,0,,1.0,
626,FANAPT,all-concat,all,214,120,134,0.0,80,1.0,0.6261682242990654,0.7701149425287356
627,FANAPT,all-concat,exact-meddra,157,120,125,,32,,0.7961783439490446,
628,FANAPT,all-concat,non-meddra,57,120,9,,48,,0.15789473684210525,
629,FANAPT,all-concat,negated,2,120,1,,1,,0.5,
630,FANAPT,all-concat,discontinuous,15,120,7,,8,,0.4666666666666667,
631,TANZEUM,adverse reactions,all,45,32,32,4.0,13,0.8888888888888888,0.7111111111111111,0.7901234567901234
632,TANZEUM,adverse reactions,exact-meddra,29,32,27,,2,,0.9310344827586207,
633,TANZEUM,adverse reactions,non-meddra,16,32,5,,11,,0.3125,
634,TANZEUM,adverse reactions,negated,2,32,1,,1,,0.5,
635,TANZEUM,adverse reactions,discontinuous,3,32,0,,3,,0.0,
636,TANZEUM,warnings and precautions,all,22,6,8,1.0,14,0.8888888888888888,0.36363636363636365,0.5161290322580644
637,TANZEUM,warnings and precautions,exact-meddra,12,6,5,,7,,0.4166666666666667,
638,TANZEUM,warnings and precautions,non-meddra,10,6,3,,7,,0.3,
639,TANZEUM,warnings and precautions,discontinuous,2,6,0,,2,,0.0,
640,TANZEUM,boxed warnings,all,4,7,4,4.0,0,0.5,1.0,0.6666666666666666
641,TANZEUM,boxed warnings,non-meddra,4,7,4,,0,,1.0,
642,TANZEUM,all-concat,all,60,34,37,5.0,23,0.8809523809523809,0.6166666666666667,0.7254901960784315
643,TANZEUM,all-concat,exact-meddra,35,34,31,,4,,0.8857142857142857,
644,TANZEUM,all-concat,non-meddra,25,34,6,,19,,0.24,
645,TANZEUM,all-concat,negated,2,34,1,,1,,0.5,
646,TANZEUM,all-concat,discontinuous,5,34,0,,5,,0.0,
647,EYLEA,adverse reactions,all,25,23,23,1.0,2,0.9583333333333334,0.92,0.9387755102040817
648,EYLEA,adverse reactions,exact-meddra,20,23,18,,2,,0.9,
649,EYLEA,adverse reactions,non-meddra,5,23,5,,0,,1.0,
650,EYLEA,warnings and precautions,all,8,8,7,4.0,1,0.6363636363636364,0.875,0.7368421052631579
651,EYLEA,warnings and precautions,exact-meddra,1,8,1,,0,,1.0,
652,EYLEA,warnings and precautions,non-meddra,7,8,6,,1,,0.8571428571428571,
653,EYLEA,warnings and precautions,negated,1,8,1,,0,,1.0,
654,EYLEA,all-concat,all,30,5,6,1.0,24,0.8571428571428571,0.2,0.32432432432432434
655,EYLEA,all-concat,exact-meddra,20,5,3,,17,,0.15,
656,EYLEA,all-concat,non-meddra,10,5,3,,7,,0.3,
657,EYLEA,all-concat,negated,1,5,1,,0,,1.0,
658,JEVTANA,adverse reactions,all,58,45,48,0.0,10,1.0,0.8275862068965517,0.9056603773584906
659,JEVTANA,adverse reactions,exact-meddra,43,45,39,,4,,0.9069767441860465,
660,JEVTANA,adverse reactions,non-meddra,15,45,9,,6,,0.6,
661,JEVTANA,adverse reactions,negated,1,45,1,,0,,1.0,
662,JEVTANA,warnings and precautions,all,41,40,35,3.0,6,0.9210526315789473,0.8536585365853658,0.8860759493670887
663,JEVTANA,warnings and precautions,exact-meddra,27,40,25,,2,,0.9259259259259259,
664,JEVTANA,warnings and precautions,non-meddra,14,40,10,,4,,0.7142857142857143,
665,JEVTANA,warnings and precautions,negated,1,40,1,,0,,1.0,
666,JEVTANA,warnings and precautions,discontinuous,2,40,2,,0,,1.0,
667,JEVTANA,boxed warnings,all,9,8,9,0.0,0,1.0,1.0,1.0
668,JEVTANA,boxed warnings,exact-meddra,6,8,6,,0,,1.0,
669,JEVTANA,boxed warnings,non-meddra,3,8,3,,0,,1.0,
670,JEVTANA,all-concat,all,80,59,60,8.0,20,0.8823529411764706,0.75,0.8108108108108107
671,JEVTANA,all-concat,exact-meddra,56,59,46,,10,,0.8214285714285714,
672,JEVTANA,all-concat,non-meddra,24,59,14,,10,,0.5833333333333334,
673,JEVTANA,all-concat,negated,1,59,1,,0,,1.0,
674,JEVTANA,all-concat,discontinuous,2,59,0,,2,,0.0,
675,YERVOY,adverse reactions,all,39,28,33,1.0,6,0.9705882352941176,0.8461538461538461,0.9041095890410958
676,YERVOY,adverse reactions,exact-meddra,25,28,24,,1,,0.96,
677,YERVOY,adverse reactions,non-meddra,14,28,9,,5,,0.6428571428571429,
678,YERVOY,adverse reactions,negated,4,28,0,,4,,0.0,
679,YERVOY,adverse reactions,discontinuous,1,28,0,,1,,0.0,
680,YERVOY,warnings and precautions,all,76,63,60,7.0,16,0.8955223880597015,0.7894736842105263,0.8391608391608391
681,YERVOY,warnings and precautions,exact-meddra,50,63,46,,4,,0.92,
682,YERVOY,warnings and precautions,non-meddra,26,63,14,,12,,0.5384615384615384,
683,YERVOY,warnings and precautions,discontinuous,5,63,2,,3,,0.4,
684,YERVOY,boxed warnings,all,9,6,6,1.0,3,0.8571428571428571,0.6666666666666666,0.75
685,YERVOY,boxed warnings,exact-meddra,5,6,5,,0,,1.0,
686,YERVOY,boxed warnings,non-meddra,4,6,1,,3,,0.25,
687,YERVOY,all-concat,all,96,47,54,1.0,42,0.9818181818181818,0.5625,0.7152317880794701
688,YERVOY,all-concat,exact-meddra,63,47,42,,21,,0.6666666666666666,
689,YERVOY,all-concat,non-meddra,33,47,12,,21,,0.36363636363636365,
690,YERVOY,all-concat,negated,4,47,0,,4,,0.0,
691,YERVOY,all-concat,discontinuous,6,47,0,,6,,0.0,
692,FARXIGA,adverse reactions,all,86,63,66,3.0,20,0.9565217391304348,0.7674418604651163,0.8516129032258064
693,FARXIGA,adverse reactions,exact-meddra,48,63,47,,1,,0.9791666666666666,
694,FARXIGA,adverse reactions,non-meddra,38,63,19,,19,,0.5,
695,FARXIGA,adverse reactions,discontinuous,11,63,2,,9,,0.18181818181818182,
696,FARXIGA,warnings and precautions,all,13,7,7,2.0,6,0.7777777777777778,0.5384615384615384,0.6363636363636364
697,FARXIGA,warnings and precautions,exact-meddra,3,7,3,,0,,1.0,
698,FARXIGA,warnings and precautions,non-meddra,10,7,4,,6,,0.4,
699,FARXIGA,warnings and precautions,discontinuous,1,7,0,,1,,0.0,
700,FARXIGA,all-concat,all,94,54,58,3.0,36,0.9508196721311475,0.6170212765957447,0.7483870967741936
701,FARXIGA,all-concat,exact-meddra,48,54,42,,6,,0.875,
702,FARXIGA,all-concat,non-meddra,46,54,16,,30,,0.34782608695652173,
703,FARXIGA,all-concat,discontinuous,12,54,2,,10,,0.16666666666666666,
704,PICATO,adverse reactions,all,36,17,18,3.0,18,0.8571428571428571,0.5,0.631578947368421
705,PICATO,adverse reactions,exact-meddra,19,17,13,,6,,0.6842105263157895,
706,PICATO,adverse reactions,non-meddra,17,17,5,,12,,0.29411764705882354,
707,PICATO,adverse reactions,discontinuous,18,17,6,,12,,0.3333333333333333,
708,PICATO,warnings and precautions,all,23,21,22,2.0,1,0.9166666666666666,0.9565217391304348,0.9361702127659574
709,PICATO,warnings and precautions,exact-meddra,8,21,8,,0,,1.0,
710,PICATO,warnings and precautions,non-meddra,15,21,14,,1,,0.9333333333333333,
711,PICATO,warnings and precautions,discontinuous,11,21,11,,0,,1.0,
712,PICATO,all-concat,all,47,23,26,4.0,21,0.8666666666666667,0.5531914893617021,0.6753246753246753
713,PICATO,all-concat,exact-meddra,21,23,17,,4,,0.8095238095238095,
714,PICATO,all-concat,non-meddra,26,23,9,,17,,0.34615384615384615,
715,PICATO,all-concat,discontinuous,25,23,9,,16,,0.36,
716,PRISTIQ,adverse reactions,all,88,22,22,1.0,66,0.9565217391304348,0.25,0.3963963963963964
717,PRISTIQ,adverse reactions,exact-meddra,66,22,17,,49,,0.25757575757575757,
718,PRISTIQ,adverse reactions,non-meddra,22,22,5,,17,,0.22727272727272727,
719,PRISTIQ,adverse reactions,negated,2,22,0,,2,,0.0,
720,PRISTIQ,adverse reactions,discontinuous,10,22,0,,10,,0.0,
721,PRISTIQ,warnings and precautions,all,83,13,18,1.0,65,0.9473684210526315,0.21686746987951808,0.35294117647058826
722,PRISTIQ,warnings and precautions,exact-meddra,46,13,12,,34,,0.2608695652173913,
723,PRISTIQ,warnings and precautions,non-meddra,37,13,6,,31,,0.16216216216216217,
724,PRISTIQ,warnings and precautions,negated,4,13,1,,3,,0.25,
725,PRISTIQ,warnings and precautions,discontinuous,4,13,0,,4,,0.0,
726,PRISTIQ,boxed warnings,all,4,8,4,1.0,0,0.8,1.0,0.888888888888889
727,PRISTIQ,boxed warnings,non-meddra,4,8,4,,0,,1.0,
728,PRISTIQ,boxed warnings,negated,2,8,2,,0,,1.0,
729,PRISTIQ,boxed warnings,discontinuous,2,8,2,,0,,1.0,
730,PRISTIQ,all-concat,all,148,70,74,1.0,74,0.9866666666666667,0.5,0.663677130044843
731,PRISTIQ,all-concat,exact-meddra,92,70,66,,26,,0.717391304347826,
732,PRISTIQ,all-concat,non-meddra,56,70,8,,48,,0.14285714285714285,
733,PRISTIQ,all-concat,negated,8,70,1,,7,,0.125,
734,PRISTIQ,all-concat,discontinuous,14,70,0,,14,,0.0,
735,STRIBILD,adverse reactions,all,100,91,76,20.0,24,0.7916666666666666,0.76,0.7755102040816326
736,STRIBILD,adverse reactions,exact-meddra,59,91,58,,1,,0.9830508474576272,
737,STRIBILD,adverse reactions,non-meddra,41,91,18,,23,,0.43902439024390244,
738,STRIBILD,adverse reactions,negated,1,91,0,,1,,0.0,
739,STRIBILD,adverse reactions,discontinuous,18,91,6,,12,,0.3333333333333333,
740,STRIBILD,warnings and precautions,all,50,9,10,2.0,40,0.8333333333333334,0.2,0.3225806451612903
741,STRIBILD,warnings and precautions,exact-meddra,22,9,6,,16,,0.2727272727272727,
742,STRIBILD,warnings and precautions,non-meddra,28,9,4,,24,,0.14285714285714285,
743,STRIBILD,warnings and precautions,discontinuous,5,9,1,,4,,0.2,
744,STRIBILD,boxed warnings,all,6,3,3,1.0,3,0.75,0.5,0.6
745,STRIBILD,boxed warnings,exact-meddra,2,3,2,,0,,1.0,
746,STRIBILD,boxed warnings,non-meddra,4,3,1,,3,,0.25,
747,STRIBILD,all-concat,all,136,84,88,10.0,48,0.8979591836734694,0.6470588235294118,0.7521367521367522
748,STRIBILD,all-concat,exact-meddra,73,84,64,,9,,0.8767123287671232,
749,STRIBILD,all-concat,non-meddra,63,84,24,,39,,0.38095238095238093,
750,STRIBILD,all-concat,negated,1,84,0,,1,,0.0,
751,STRIBILD,all-concat,discontinuous,22,84,6,,16,,0.2727272727272727,
752,NULOJIX,adverse reactions,all,100,33,32,4.0,68,0.8888888888888888,0.32,0.47058823529411764
753,NULOJIX,adverse reactions,exact-meddra,67,33,20,,47,,0.29850746268656714,
754,NULOJIX,adverse reactions,non-meddra,33,33,12,,21,,0.36363636363636365,
755,NULOJIX,adverse reactions,negated,6,33,3,,3,,0.5,
756,NULOJIX,adverse reactions,discontinuous,7,33,1,,6,,0.14285714285714285,
757,NULOJIX,warnings and precautions,all,29,36,23,12.0,6,0.6571428571428571,0.7931034482758621,0.71875
758,NULOJIX,warnings and precautions,exact-meddra,6,36,5,,1,,0.8333333333333334,
759,NULOJIX,warnings and precautions,non-meddra,23,36,18,,5,,0.782608695652174,
760,NULOJIX,warnings and precautions,discontinuous,11,36,7,,4,,0.6363636363636364,
761,NULOJIX,boxed warnings,all,5,10,5,2.0,0,0.7142857142857143,1.0,0.8333333333333333
762,NULOJIX,boxed warnings,non-meddra,5,10,5,,0,,1.0,
763,NULOJIX,all-concat,all,118,64,73,1.0,45,0.9864864864864865,0.6186440677966102,0.7604166666666667
764,NULOJIX,all-concat,exact-meddra,70,64,53,,17,,0.7571428571428571,
765,NULOJIX,all-concat,non-meddra,48,64,20,,28,,0.4166666666666667,
766,NULOJIX,all-concat,negated,6,64,3,,3,,0.5,
767,NULOJIX,all-concat,discontinuous,18,64,7,,11,,0.3888888888888889,
768,LUMIZYME,adverse reactions,all,84,26,33,1.0,51,0.9705882352941176,0.39285714285714285,0.559322033898305
769,LUMIZYME,adverse reactions,exact-meddra,72,26,32,,40,,0.4444444444444444,
770,LUMIZYME,adverse reactions,non-meddra,12,26,1,,11,,0.08333333333333333,
771,LUMIZYME,adverse reactions,discontinuous,3,26,2,,1,,0.6666666666666666,
772,LUMIZYME,warnings and precautions,all,67,71,61,7.0,6,0.8970588235294118,0.9104477611940298,0.9037037037037037
773,LUMIZYME,warnings and precautions,exact-meddra,47,71,46,,1,,0.9787234042553191,
774,LUMIZYME,warnings and precautions,non-meddra,20,71,15,,5,,0.75,
775,LUMIZYME,warnings and precautions,discontinuous,4,71,2,,2,,0.5,
776,LUMIZYME,boxed warnings,all,27,22,22,1.0,5,0.9565217391304348,0.8148148148148148,0.8800000000000001
777,LUMIZYME,boxed warnings,exact-meddra,19,22,18,,1,,0.9473684210526315,
778,LUMIZYME,boxed warnings,non-meddra,8,22,4,,4,,0.5,
779,LUMIZYME,boxed warnings,discontinuous,3,22,1,,2,,0.3333333333333333,
780,LUMIZYME,all-concat,all,112,26,35,0.0,77,1.0,0.3125,0.47619047619047616
781,LUMIZYME,all-concat,exact-meddra,83,26,34,,49,,0.40963855421686746,
782,LUMIZYME,all-concat,non-meddra,29,26,1,,28,,0.034482758620689655,
783,LUMIZYME,all-concat,discontinuous,9,26,2,,7,,0.2222222222222222,
784,EOVIST,adverse reactions,all,58,54,51,4.0,7,0.9272727272727272,0.8793103448275862,0.902654867256637
785,EOVIST,adverse reactions,exact-meddra,49,54,47,,2,,0.9591836734693877,
786,EOVIST,adverse reactions,non-meddra,9,54,4,,5,,0.4444444444444444,
787,EOVIST,adverse reactions,discontinuous,8,54,4,,4,,0.5,
788,EOVIST,warnings and precautions,all,15,14,9,8.0,6,0.5294117647058824,0.6,0.5625
789,EOVIST,warnings and precautions,exact-meddra,5,14,5,,0,,1.0,
790,EOVIST,warnings and precautions,non-meddra,10,14,4,,6,,0.4,
791,EOVIST,warnings and precautions,discontinuous,6,14,2,,4,,0.3333333333333333,
792,EOVIST,boxed warnings,all,4,2,3,1.0,1,0.75,0.75,0.75
793,EOVIST,boxed warnings,exact-meddra,2,2,2,,0,,1.0,
794,EOVIST,boxed warnings,non-meddra,2,2,1,,1,,0.5,
795,EOVIST,all-concat,all,70,52,50,3.0,20,0.9433962264150944,0.7142857142857143,0.8130081300813008
796,EOVIST,all-concat,exact-meddra,53,52,47,,6,,0.8867924528301887,
797,EOVIST,all-concat,non-meddra,17,52,3,,14,,0.17647058823529413,
798,EOVIST,all-concat,discontinuous,14,52,4,,10,,0.2857142857142857,
799,BELEODAQ,adverse reactions,all,38,36,36,0.0,2,1.0,0.9473684210526315,0.972972972972973
800,BELEODAQ,adverse reactions,exact-meddra,32,36,32,,0,,1.0,
801,BELEODAQ,adverse reactions,non-meddra,6,36,4,,2,,0.6666666666666666,
802,BELEODAQ,adverse reactions,negated,1,36,0,,1,,0.0,
803,BELEODAQ,warnings and precautions,all,22,16,15,2.0,7,0.8823529411764706,0.6818181818181818,0.7692307692307693
804,BELEODAQ,warnings and precautions,exact-meddra,14,16,9,,5,,0.6428571428571429,
805,BELEODAQ,warnings and precautions,non-meddra,8,16,6,,2,,0.75,
806,BELEODAQ,all-concat,all,51,15,16,0.0,35,1.0,0.3137254901960784,0.47761194029850745
807,BELEODAQ,all-concat,exact-meddra,37,15,13,,24,,0.35135135135135137,
808,BELEODAQ,all-concat,non-meddra,14,15,3,,11,,0.21428571428571427,
809,BELEODAQ,all-concat,negated,1,15,0,,1,,0.0,
810,VICTRELIS,adverse reactions,all,47,9,8,1.0,39,0.8888888888888888,0.1702127659574468,0.2857142857142857
811,VICTRELIS,adverse reactions,exact-meddra,36,9,8,,28,,0.2222222222222222,
812,VICTRELIS,adverse reactions,non-meddra,11,9,0,,11,,0.0,
813,VICTRELIS,adverse reactions,discontinuous,7,9,0,,7,,0.0,
814,VICTRELIS,warnings and precautions,all,24,12,11,1.0,13,0.9166666666666666,0.4583333333333333,0.611111111111111
815,VICTRELIS,warnings and precautions,exact-meddra,12,12,7,,5,,0.5833333333333334,
816,VICTRELIS,warnings and precautions,non-meddra,12,12,4,,8,,0.3333333333333333,
817,VICTRELIS,warnings and precautions,discontinuous,1,12,0,,1,,0.0,
818,VICTRELIS,all-concat,all,64,31,37,0.0,27,1.0,0.578125,0.7326732673267327
819,VICTRELIS,all-concat,exact-meddra,41,31,33,,8,,0.8048780487804879,
820,VICTRELIS,all-concat,non-meddra,23,31,4,,19,,0.17391304347826086,
821,VICTRELIS,all-concat,discontinuous,8,31,1,,7,,0.125,
822,VIMIZIM,adverse reactions,all,9,10,9,1.0,0,0.9,1.0,0.9473684210526316
823,VIMIZIM,adverse reactions,exact-meddra,8,10,8,,0,,1.0,
824,VIMIZIM,adverse reactions,non-meddra,1,10,1,,0,,1.0,
825,VIMIZIM,warnings and precautions,all,21,29,19,11.0,2,0.6333333333333333,0.9047619047619048,0.7450980392156863
826,VIMIZIM,warnings and precautions,exact-meddra,17,29,16,,1,,0.9411764705882353,
827,VIMIZIM,warnings and precautions,non-meddra,4,29,3,,1,,0.75,
828,VIMIZIM,boxed warnings,all,17,17,16,1.0,1,0.9411764705882353,0.9411764705882353,0.9411764705882353
829,VIMIZIM,boxed warnings,exact-meddra,15,17,15,,0,,1.0,
830,VIMIZIM,boxed warnings,non-meddra,2,17,1,,1,,0.5,
831,VIMIZIM,all-concat,all,25,10,10,1.0,15,0.9090909090909091,0.4,0.5555555555555556
832,VIMIZIM,all-concat,exact-meddra,21,10,9,,12,,0.42857142857142855,
833,VIMIZIM,all-concat,non-meddra,4,10,1,,3,,0.25,
834,SIRTURO,adverse reactions,all,18,14,14,1.0,4,0.9333333333333333,0.7777777777777778,0.8484848484848485
835,SIRTURO,adverse reactions,exact-meddra,11,14,11,,0,,1.0,
836,SIRTURO,adverse reactions,non-meddra,7,14,3,,4,,0.42857142857142855,
837,SIRTURO,adverse reactions,negated,1,14,1,,0,,1.0,
838,SIRTURO,adverse reactions,discontinuous,2,14,0,,2,,0.0,
839,SIRTURO,warnings and precautions,all,6,5,4,2.0,2,0.6666666666666666,0.6666666666666666,0.6666666666666666
840,SIRTURO,warnings and precautions,exact-meddra,2,5,2,,0,,1.0,
841,SIRTURO,warnings and precautions,non-meddra,4,5,2,,2,,0.5,
842,SIRTURO,boxed warnings,all,4,3,4,0.0,0,1.0,1.0,1.0
843,SIRTURO,boxed warnings,exact-meddra,1,3,1,,0,,1.0,
844,SIRTURO,boxed warnings,non-meddra,3,3,3,,0,,1.0,
845,SIRTURO,all-concat,all,21,14,15,1.0,6,0.9375,0.7142857142857143,0.8108108108108109
846,SIRTURO,all-concat,exact-meddra,11,14,11,,0,,1.0,
847,SIRTURO,all-concat,non-meddra,10,14,4,,6,,0.4,
848,SIRTURO,all-concat,negated,1,14,1,,0,,1.0,
849,SIRTURO,all-concat,discontinuous,2,14,0,,2,,0.0,
850,NEURACEQ,adverse reactions,all,6,4,6,0.0,0,1.0,1.0,1.0
851,NEURACEQ,adverse reactions,exact-meddra,5,4,5,,0,,1.0,
852,NEURACEQ,adverse reactions,non-meddra,1,4,1,,0,,1.0,
853,NEURACEQ,adverse reactions,discontinuous,3,4,3,,0,,1.0,
854,NEURACEQ,warnings and precautions,all,2,9,2,7.0,0,0.2222222222222222,1.0,0.3636363636363636
855,NEURACEQ,warnings and precautions,exact-meddra,1,9,1,,0,,1.0,
856,NEURACEQ,warnings and precautions,non-meddra,1,9,1,,0,,1.0,
857,NEURACEQ,all-concat,all,8,4,6,0.0,2,1.0,0.75,0.8571428571428571
858,NEURACEQ,all-concat,exact-meddra,6,4,5,,1,,0.8333333333333334,
859,NEURACEQ,all-concat,non-meddra,2,4,1,,1,,0.5,
860,NEURACEQ,all-concat,discontinuous,3,4,3,,0,,1.0,
861,COMETRIQ,adverse reactions,all,74,57,59,1.0,15,0.9833333333333333,0.7972972972972973,0.8805970149253731
862,COMETRIQ,adverse reactions,exact-meddra,52,57,44,,8,,0.8461538461538461,
863,COMETRIQ,adverse reactions,non-meddra,22,57,15,,7,,0.6818181818181818,
864,COMETRIQ,adverse reactions,negated,5,57,1,,4,,0.2,
865,COMETRIQ,adverse reactions,discontinuous,2,57,0,,2,,0.0,
866,COMETRIQ,warnings and precautions,all,43,11,17,1.0,26,0.9444444444444444,0.3953488372093023,0.5573770491803278
867,COMETRIQ,warnings and precautions,exact-meddra,17,11,5,,12,,0.29411764705882354,
868,COMETRIQ,warnings and precautions,non-meddra,26,11,12,,14,,0.46153846153846156,
869,COMETRIQ,warnings and precautions,discontinuous,11,11,6,,5,,0.5454545454545454,
870,COMETRIQ,boxed warnings,all,8,7,7,2.0,1,0.7777777777777778,0.875,0.823529411764706
871,COMETRIQ,boxed warnings,exact-meddra,3,7,3,,0,,1.0,
872,COMETRIQ,boxed warnings,non-meddra,5,7,4,,1,,0.8,
873,COMETRIQ,all-concat,all,111,11,26,0.0,85,1.0,0.23423423423423423,0.3795620437956204
874,COMETRIQ,all-concat,exact-meddra,66,11,8,,58,,0.12121212121212122,
875,COMETRIQ,all-concat,non-meddra,45,11,18,,27,,0.4,
876,COMETRIQ,all-concat,negated,5,11,1,,4,,0.2,
877,COMETRIQ,all-concat,discontinuous,13,11,6,,7,,0.46153846153846156,
878,AFINITOR,adverse reactions,all,222,83,115,0.0,107,1.0,0.5180180180180181,0.6824925816023739
879,AFINITOR,adverse reactions,exact-meddra,174,83,94,,80,,0.5402298850574713,
880,AFINITOR,adverse reactions,non-meddra,48,83,21,,27,,0.4375,
881,AFINITOR,adverse reactions,negated,2,83,2,,0,,1.0,
882,AFINITOR,adverse reactions,discontinuous,18,83,5,,13,,0.2777777777777778,
883,AFINITOR,warnings and precautions,all,58,10,20,2.0,38,0.9090909090909091,0.3448275862068966,0.5000000000000001
884,AFINITOR,warnings and precautions,exact-meddra,24,10,7,,17,,0.2916666666666667,
885,AFINITOR,warnings and precautions,non-meddra,34,10,13,,21,,0.38235294117647056,
886,AFINITOR,warnings and precautions,discontinuous,13,10,3,,10,,0.23076923076923078,
887,AFINITOR,all-concat,all,261,83,122,0.0,139,1.0,0.4674329501915709,0.6370757180156659
888,AFINITOR,all-concat,exact-meddra,184,83,92,,92,,0.5,
889,AFINITOR,all-concat,non-meddra,77,83,30,,47,,0.38961038961038963,
890,AFINITOR,all-concat,negated,2,83,1,,1,,0.5,
891,AFINITOR,all-concat,discontinuous,31,83,12,,19,,0.3870967741935484,
892,BREO,adverse reactions,all,44,33,38,0.0,6,1.0,0.8636363636363636,0.9268292682926829
893,BREO,adverse reactions,exact-meddra,38,33,32,,6,,0.8421052631578947,
894,BREO,adverse reactions,non-meddra,6,33,6,,0,,1.0,
895,BREO,adverse reactions,negated,1,33,1,,0,,1.0,
896,BREO,warnings and precautions,all,54,15,12,7.0,42,0.631578947368421,0.2222222222222222,0.3287671232876712
897,BREO,warnings and precautions,exact-meddra,14,15,5,,9,,0.35714285714285715,
898,BREO,warnings and precautions,non-meddra,40,15,7,,33,,0.175,
899,BREO,warnings and precautions,negated,3,15,2,,1,,0.6666666666666666,
900,BREO,warnings and precautions,discontinuous,13,15,0,,13,,0.0,
901,BREO,boxed warnings,all,2,5,2,1.0,0,0.6666666666666666,1.0,0.8
902,BREO,boxed warnings,exact-meddra,1,5,1,,0,,1.0,
903,BREO,boxed warnings,non-meddra,1,5,1,,0,,1.0,
904,BREO,all-concat,all,87,26,33,0.0,54,1.0,0.3793103448275862,0.5499999999999999
905,BREO,all-concat,exact-meddra,44,26,23,,21,,0.5227272727272727,
906,BREO,all-concat,non-meddra,43,26,10,,33,,0.23255813953488372,
907,BREO,all-concat,negated,4,26,3,,1,,0.75,
908,BREO,all-concat,discontinuous,13,26,1,,12,,0.07692307692307693,
909,FIRAZYR,adverse reactions,all,11,8,9,1.0,2,0.9,0.8181818181818182,0.8571428571428572
910,FIRAZYR,adverse reactions,exact-meddra,6,8,6,,0,,1.0,
911,FIRAZYR,adverse reactions,non-meddra,5,8,3,,2,,0.6,
912,FIRAZYR,adverse reactions,negated,2,8,0,,2,,0.0,
913,FIRAZYR,all-concat,all,11,9,9,0.0,2,1.0,0.8181818181818182,0.9
914,FIRAZYR,all-concat,exact-meddra,6,9,6,,0,,1.0,
915,FIRAZYR,all-concat,non-meddra,5,9,3,,2,,0.6,
916,FIRAZYR,all-concat,negated,2,9,0,,2,,0.0,
917,INVOKANA,adverse reactions,all,89,41,50,4.0,39,0.9259259259259259,0.5617977528089888,0.6993006993006993
918,INVOKANA,adverse reactions,exact-meddra,34,41,23,,11,,0.6764705882352942,
919,INVOKANA,adverse reactions,non-meddra,55,41,27,,28,,0.4909090909090909,
920,INVOKANA,adverse reactions,discontinuous,16,41,4,,12,,0.25,
921,INVOKANA,warnings and precautions,all,15,8,9,0.0,6,1.0,0.6,0.7499999999999999
922,INVOKANA,warnings and precautions,exact-meddra,4,8,3,,1,,0.75,
923,INVOKANA,warnings and precautions,non-meddra,11,8,6,,5,,0.5454545454545454,
924,INVOKANA,all-concat,all,96,30,42,4.0,54,0.9130434782608695,0.4375,0.5915492957746479
925,INVOKANA,all-concat,exact-meddra,35,30,15,,20,,0.42857142857142855,
926,INVOKANA,all-concat,non-meddra,61,30,27,,34,,0.4426229508196721,
927,INVOKANA,all-concat,discontinuous,16,30,4,,12,,0.25,
928,VORAXAZE,adverse reactions,all,22,13,9,5.0,13,0.6428571428571429,0.4090909090909091,0.5000000000000001
929,VORAXAZE,adverse reactions,exact-meddra,17,13,6,,11,,0.35294117647058826,
930,VORAXAZE,adverse reactions,non-meddra,5,13,3,,2,,0.6,
931,VORAXAZE,warnings and precautions,all,2,12,2,10.0,0,0.16666666666666666,1.0,0.2857142857142857
932,VORAXAZE,warnings and precautions,non-meddra,2,12,2,,0,,1.0,
933,VORAXAZE,all-concat,all,22,12,8,5.0,14,0.6153846153846154,0.36363636363636365,0.4571428571428572
934,VORAXAZE,all-concat,exact-meddra,17,12,6,,11,,0.35294117647058826,
935,VORAXAZE,all-concat,non-meddra,5,12,2,,3,,0.4,
936,NESINA,adverse reactions,all,19,17,17,1.0,2,0.9444444444444444,0.8947368421052632,0.918918918918919
937,NESINA,adverse reactions,exact-meddra,14,17,13,,1,,0.9285714285714286,
938,NESINA,adverse reactions,non-meddra,5,17,4,,1,,0.8,
939,NESINA,adverse reactions,negated,1,17,0,,1,,0.0,
940,NESINA,warnings and precautions,all,14,11,9,3.0,5,0.75,0.6428571428571429,0.6923076923076924
941,NESINA,warnings and precautions,exact-meddra,8,11,7,,1,,0.875,
942,NESINA,warnings and precautions,non-meddra,6,11,2,,4,,0.3333333333333333,
943,NESINA,warnings and precautions,discontinuous,2,11,0,,2,,0.0,
944,NESINA,all-concat,all,25,17,19,1.0,6,0.95,0.76,0.8444444444444444
945,NESINA,all-concat,exact-meddra,16,17,15,,1,,0.9375,
946,NESINA,all-concat,non-meddra,9,17,4,,5,,0.4444444444444444,
947,NESINA,all-concat,negated,1,17,0,,1,,0.0,
948,NESINA,all-concat,discontinuous,2,17,0,,2,,0.0,
949,GILENYA,adverse reactions,all,48,45,45,1.0,3,0.9782608695652174,0.9375,0.9574468085106383
950,GILENYA,adverse reactions,exact-meddra,36,45,36,,0,,1.0,
951,GILENYA,adverse reactions,non-meddra,12,45,9,,3,,0.75,
952,GILENYA,adverse reactions,discontinuous,4,45,1,,3,,0.25,
953,GILENYA,warnings and precautions,all,98,52,41,16.0,57,0.7192982456140351,0.41836734693877553,0.5290322580645161
954,GILENYA,warnings and precautions,exact-meddra,36,52,21,,15,,0.5833333333333334,
955,GILENYA,warnings and precautions,non-meddra,62,52,20,,42,,0.3225806451612903,
956,GILENYA,warnings and precautions,negated,3,52,1,,2,,0.3333333333333333,
957,GILENYA,warnings and precautions,discontinuous,15,52,3,,12,,0.2,
958,GILENYA,all-concat,all,130,53,57,4.0,73,0.9344262295081968,0.43846153846153846,0.5968586387434555
959,GILENYA,all-concat,exact-meddra,58,53,39,,19,,0.6724137931034483,
960,GILENYA,all-concat,non-meddra,72,53,18,,54,,0.25,
961,GILENYA,all-concat,negated,3,53,0,,3,,0.0,
962,GILENYA,all-concat,discontinuous,19,53,4,,15,,0.21052631578947367,
963,HALAVEN,adverse reactions,all,62,48,51,1.0,11,0.9807692307692307,0.8225806451612904,0.8947368421052632
964,HALAVEN,adverse reactions,exact-meddra,54,48,49,,5,,0.9074074074074074,
965,HALAVEN,adverse reactions,non-meddra,8,48,2,,6,,0.25,
966,HALAVEN,adverse reactions,discontinuous,1,48,0,,1,,0.0,
967,HALAVEN,warnings and precautions,all,8,4,6,0.0,2,1.0,0.75,0.8571428571428571
968,HALAVEN,warnings and precautions,exact-meddra,3,4,3,,0,,1.0,
969,HALAVEN,warnings and precautions,non-meddra,5,4,3,,2,,0.6,
970,HALAVEN,warnings and precautions,negated,1,4,1,,0,,1.0,
971,HALAVEN,all-concat,all,66,9,11,1.0,55,0.9166666666666666,0.16666666666666666,0.28205128205128205
972,HALAVEN,all-concat,exact-meddra,54,9,10,,44,,0.18518518518518517,
973,HALAVEN,all-concat,non-meddra,12,9,1,,11,,0.08333333333333333,
974,HALAVEN,all-concat,negated,1,9,0,,1,,0.0,
975,HALAVEN,all-concat,discontinuous,1,9,0,,1,,0.0,
976,INTELENCE,adverse reactions,all,77,9,13,0.0,64,1.0,0.16883116883116883,0.2888888888888889
977,INTELENCE,adverse reactions,exact-meddra,64,9,9,,55,,0.140625,
978,INTELENCE,adverse reactions,non-meddra,13,9,4,,9,,0.3076923076923077,
979,INTELENCE,adverse reactions,discontinuous,7,9,3,,4,,0.42857142857142855,
980,INTELENCE,warnings and precautions,all,34,27,13,13.0,21,0.5,0.38235294117647056,0.4333333333333333
981,INTELENCE,warnings and precautions,exact-meddra,17,27,7,,10,,0.4117647058823529,
982,INTELENCE,warnings and precautions,non-meddra,17,27,6,,11,,0.35294117647058826,
983,INTELENCE,warnings and precautions,discontinuous,2,27,0,,2,,0.0,
984,INTELENCE,all-concat,all,101,9,14,1.0,87,0.9333333333333333,0.13861386138613863,0.24137931034482765
985,INTELENCE,all-concat,exact-meddra,75,9,10,,65,,0.13333333333333333,
986,INTELENCE,all-concat,non-meddra,26,9,4,,22,,0.15384615384615385,
987,INTELENCE,all-concat,discontinuous,9,9,3,,6,,0.3333333333333333,
988,AMYVID,adverse reactions,all,23,18,18,0.0,5,1.0,0.782608695652174,0.878048780487805
989,AMYVID,adverse reactions,exact-meddra,22,18,17,,5,,0.7727272727272727,
990,AMYVID,adverse reactions,non-meddra,1,18,1,,0,,1.0,
991,AMYVID,warnings and precautions,all,3,5,3,2.0,0,0.6,1.0,0.7499999999999999
992,AMYVID,warnings and precautions,exact-meddra,1,5,1,,0,,1.0,
993,AMYVID,warnings and precautions,non-meddra,2,5,2,,0,,1.0,
994,AMYVID,all-concat,all,26,19,18,1.0,8,0.9473684210526315,0.6923076923076923,0.7999999999999999
995,AMYVID,all-concat,exact-meddra,23,19,17,,6,,0.7391304347826086,
996,AMYVID,all-concat,non-meddra,3,19,1,,2,,0.3333333333333333,
997,ULESFIA,adverse reactions,all,17,16,17,0.0,0,1.0,1.0,1.0
998,ULESFIA,adverse reactions,exact-meddra,16,16,16,,0,,1.0,
999,ULESFIA,adverse reactions,non-meddra,1,16,1,,0,,1.0,
1000,ULESFIA,adverse reactions,discontinuous,1,16,1,,0,,1.0,
1001,ULESFIA,warnings and precautions,all,14,11,12,0.0,2,1.0,0.8571428571428571,0.923076923076923
1002,ULESFIA,warnings and precautions,exact-meddra,8,11,7,,1,,0.875,
1003,ULESFIA,warnings and precautions,non-meddra,6,11,5,,1,,0.8333333333333334,
1004,ULESFIA,warnings and precautions,discontinuous,1,11,0,,1,,0.0,
1005,ULESFIA,all-concat,all,31,17,22,0.0,9,1.0,0.7096774193548387,0.8301886792452831
1006,ULESFIA,all-concat,exact-meddra,24,17,20,,4,,0.8333333333333334,
1007,ULESFIA,all-concat,non-meddra,7,17,2,,5,,0.2857142857142857,
1008,ULESFIA,all-concat,discontinuous,2,17,2,,0,,1.0,
1009,OTEZLA,adverse reactions,all,30,25,26,1.0,4,0.9629629629629629,0.8666666666666667,0.912280701754386
1010,OTEZLA,adverse reactions,exact-meddra,26,25,25,,1,,0.9615384615384616,
1011,OTEZLA,adverse reactions,non-meddra,4,25,1,,3,,0.25,
1012,OTEZLA,warnings and precautions,all,7,7,4,4.0,3,0.5,0.5714285714285714,0.5333333333333333
1013,OTEZLA,warnings and precautions,exact-meddra,6,7,3,,3,,0.5,
1014,OTEZLA,warnings and precautions,non-meddra,1,7,1,,0,,1.0,
1015,OTEZLA,warnings and precautions,negated,1,7,1,,0,,1.0,
1016,OTEZLA,warnings and precautions,discontinuous,1,7,0,,1,,0.0,
1017,OTEZLA,all-concat,all,35,16,18,2.0,17,0.9,0.5142857142857142,0.6545454545454545
1018,OTEZLA,all-concat,exact-meddra,30,16,17,,13,,0.5666666666666667,
1019,OTEZLA,all-concat,non-meddra,5,16,1,,4,,0.2,
1020,OTEZLA,all-concat,negated,1,16,1,,0,,1.0,
1021,OTEZLA,all-concat,discontinuous,1,16,1,,0,,1.0,
1022,ILARIS,adverse reactions,all,52,28,35,3.0,17,0.9210526315789473,0.6730769230769231,0.7777777777777778
1023,ILARIS,adverse reactions,exact-meddra,28,28,26,,2,,0.9285714285714286,
1024,ILARIS,adverse reactions,non-meddra,24,28,9,,15,,0.375,
1025,ILARIS,adverse reactions,negated,3,28,1,,2,,0.3333333333333333,
1026,ILARIS,adverse reactions,discontinuous,9,28,3,,6,,0.3333333333333333,
1027,ILARIS,warnings and precautions,all,14,37,13,15.0,1,0.4642857142857143,0.9285714285714286,0.6190476190476191
1028,ILARIS,warnings and precautions,exact-meddra,2,37,2,,0,,1.0,
1029,ILARIS,warnings and precautions,non-meddra,12,37,11,,1,,0.9166666666666666,
1030,ILARIS,warnings and precautions,negated,1,37,1,,0,,1.0,
1031,ILARIS,warnings and precautions,discontinuous,3,37,2,,1,,0.6666666666666666,
1032,ILARIS,all-concat,all,61,26,26,3.0,35,0.896551724137931,0.4262295081967213,0.5777777777777777
1033,ILARIS,all-concat,exact-meddra,30,26,21,,9,,0.7,
1034,ILARIS,all-concat,non-meddra,31,26,5,,26,,0.16129032258064516,
1035,ILARIS,all-concat,negated,3,26,0,,3,,0.0,
1036,ILARIS,all-concat,discontinuous,11,26,1,,10,,0.09090909090909091,
1037,NATAZIA,adverse reactions,all,59,40,41,1.0,18,0.9761904761904762,0.6949152542372882,0.8118811881188118
1038,NATAZIA,adverse reactions,exact-meddra,43,40,26,,17,,0.6046511627906976,
1039,NATAZIA,adverse reactions,non-meddra,16,40,15,,1,,0.9375,
1040,NATAZIA,adverse reactions,discontinuous,4,40,3,,1,,0.75,
1041,NATAZIA,warnings and precautions,all,49,41,33,14.0,16,0.7021276595744681,0.673469387755102,0.6875000000000001
1042,NATAZIA,warnings and precautions,exact-meddra,11,41,8,,3,,0.7272727272727273,
1043,NATAZIA,warnings and precautions,non-meddra,38,41,25,,13,,0.6578947368421053,
1044,NATAZIA,warnings and precautions,negated,6,41,1,,5,,0.16666666666666666,
1045,NATAZIA,warnings and precautions,discontinuous,6,41,4,,2,,0.6666666666666666,
1046,NATAZIA,boxed warnings,all,1,3,1,1.0,0,0.5,1.0,0.6666666666666666
1047,NATAZIA,boxed warnings,non-meddra,1,3,1,,0,,1.0,
1048,NATAZIA,all-concat,all,101,41,54,0.0,47,1.0,0.5346534653465347,0.6967741935483871
1049,NATAZIA,all-concat,exact-meddra,48,41,29,,19,,0.6041666666666666,
1050,NATAZIA,all-concat,non-meddra,53,41,25,,28,,0.4716981132075472,
1051,NATAZIA,all-concat,negated,6,41,1,,5,,0.16666666666666666,
1052,NATAZIA,all-concat,discontinuous,10,41,7,,3,,0.7,
1053,DIFICID,adverse reactions,all,25,7,6,1.0,19,0.8571428571428571,0.24,0.375
1054,DIFICID,adverse reactions,exact-meddra,20,7,6,,14,,0.3,
1055,DIFICID,adverse reactions,non-meddra,5,7,0,,5,,0.0,
1056,DIFICID,warnings and precautions,all,9,6,9,1.0,0,0.9,1.0,0.9473684210526316
1057,DIFICID,warnings and precautions,exact-meddra,4,6,4,,0,,1.0,
1058,DIFICID,warnings and precautions,non-meddra,5,6,5,,0,,1.0,
1059,DIFICID,warnings and precautions,discontinuous,2,6,2,,0,,1.0,
1060,DIFICID,all-concat,all,29,25,27,1.0,2,0.9642857142857143,0.9310344827586207,0.9473684210526316
1061,DIFICID,all-concat,exact-meddra,20,25,20,,0,,1.0,
1062,DIFICID,all-concat,non-meddra,9,25,7,,2,,0.7777777777777778,
1063,DIFICID,all-concat,discontinuous,2,25,2,,0,,1.0,
1064,ONFI,adverse reactions,all,54,12,11,2.0,43,0.8461538461538461,0.2037037037037037,0.3283582089552239
1065,ONFI,adverse reactions,exact-meddra,48,12,8,,40,,0.16666666666666666,
1066,ONFI,adverse reactions,non-meddra,6,12,3,,3,,0.5,
1067,ONFI,adverse reactions,discontinuous,3,12,1,,2,,0.3333333333333333,
1068,ONFI,warnings and precautions,all,16,13,10,4.0,6,0.7142857142857143,0.625,0.6666666666666666
1069,ONFI,warnings and precautions,exact-meddra,8,13,7,,1,,0.875,
1070,ONFI,warnings and precautions,non-meddra,8,13,3,,5,,0.375,
1071,ONFI,warnings and precautions,discontinuous,3,13,3,,0,,1.0,
1072,ONFI,all-concat,all,63,55,56,2.0,7,0.9655172413793104,0.8888888888888888,0.9256198347107438
1073,ONFI,all-concat,exact-meddra,52,55,50,,2,,0.9615384615384616,
1074,ONFI,all-concat,non-meddra,11,55,6,,5,,0.5454545454545454,
1075,ONFI,all-concat,discontinuous,4,55,3,,1,,0.75,
1076,TECFIDERA,adverse reactions,all,24,18,19,0.0,5,1.0,0.7916666666666666,0.8837209302325582
1077,TECFIDERA,adverse reactions,exact-meddra,15,18,15,,0,,1.0,
1078,TECFIDERA,adverse reactions,non-meddra,9,18,4,,5,,0.4444444444444444,
1079,TECFIDERA,adverse reactions,negated,2,18,0,,2,,0.0,
1080,TECFIDERA,adverse reactions,discontinuous,1,18,0,,1,,0.0,
1081,TECFIDERA,warnings and precautions,all,22,7,8,1.0,14,0.8888888888888888,0.36363636363636365,0.5161290322580644
1082,TECFIDERA,warnings and precautions,exact-meddra,11,7,6,,5,,0.5454545454545454,
1083,TECFIDERA,warnings and precautions,non-meddra,11,7,2,,9,,0.18181818181818182,
1084,TECFIDERA,warnings and precautions,negated,1,7,0,,1,,0.0,
1085,TECFIDERA,warnings and precautions,discontinuous,3,7,0,,3,,0.0,
1086,TECFIDERA,all-concat,all,41,16,17,1.0,24,0.9444444444444444,0.4146341463414634,0.576271186440678
1087,TECFIDERA,all-concat,exact-meddra,21,16,16,,5,,0.7619047619047619,
1088,TECFIDERA,all-concat,non-meddra,20,16,1,,19,,0.05,
1089,TECFIDERA,all-concat,negated,3,16,0,,3,,0.0,
1090,TECFIDERA,all-concat,discontinuous,4,16,0,,4,,0.0,
1091,DYSPORT,adverse reactions,all,84,52,50,5.0,34,0.9090909090909091,0.5952380952380952,0.7194244604316546
1092,DYSPORT,adverse reactions,exact-meddra,70,52,42,,28,,0.6,
1093,DYSPORT,adverse reactions,non-meddra,14,52,8,,6,,0.5714285714285714,
1094,DYSPORT,adverse reactions,discontinuous,17,52,4,,13,,0.23529411764705882,
1095,DYSPORT,warnings and precautions,all,27,14,16,1.0,11,0.9411764705882353,0.5925925925925926,0.7272727272727272
1096,DYSPORT,warnings and precautions,exact-meddra,15,14,11,,4,,0.7333333333333333,
1097,DYSPORT,warnings and precautions,non-meddra,12,14,5,,7,,0.4166666666666667,
1098,DYSPORT,warnings and precautions,negated,2,14,0,,2,,0.0,
1099,DYSPORT,warnings and precautions,discontinuous,4,14,2,,2,,0.5,
1100,DYSPORT,boxed warnings,all,14,11,11,0.0,3,1.0,0.7857142857142857,0.88
1101,DYSPORT,boxed warnings,exact-meddra,10,11,10,,0,,1.0,
1102,DYSPORT,boxed warnings,non-meddra,4,11,1,,3,,0.25,
1103,DYSPORT,boxed warnings,discontinuous,2,11,0,,2,,0.0,
1104,DYSPORT,all-concat,all,105,57,61,4.0,44,0.9384615384615385,0.580952380952381,0.7176470588235295
1105,DYSPORT,all-concat,exact-meddra,79,57,46,,33,,0.5822784810126582,
1106,DYSPORT,all-concat,non-meddra,26,57,15,,11,,0.5769230769230769,
1107,DYSPORT,all-concat,negated,2,57,0,,2,,0.0,
1108,DYSPORT,all-concat,discontinuous,22,57,5,,17,,0.22727272727272727,
1109,ZYTIGA,adverse reactions,all,61,38,41,0.0,20,1.0,0.6721311475409836,0.8039215686274509
1110,ZYTIGA,adverse reactions,exact-meddra,43,38,32,,11,,0.7441860465116279,
1111,ZYTIGA,adverse reactions,non-meddra,18,38,9,,9,,0.5,
1112,ZYTIGA,adverse reactions,negated,3,38,3,,0,,1.0,
1113,ZYTIGA,adverse reactions,discontinuous,1,38,1,,0,,1.0,
1114,ZYTIGA,warnings and precautions,all,15,7,7,0.0,8,1.0,0.4666666666666667,0.6363636363636364
1115,ZYTIGA,warnings and precautions,exact-meddra,6,7,5,,1,,0.8333333333333334,
1116,ZYTIGA,warnings and precautions,non-meddra,9,7,2,,7,,0.2222222222222222,
1117,ZYTIGA,warnings and precautions,negated,1,7,1,,0,,1.0,
1118,ZYTIGA,warnings and precautions,discontinuous,1,7,0,,1,,0.0,
1119,ZYTIGA,all-concat,all,68,38,41,0.0,27,1.0,0.6029411764705882,0.7522935779816513
1120,ZYTIGA,all-concat,exact-meddra,44,38,32,,12,,0.7272727272727273,
1121,ZYTIGA,all-concat,non-meddra,24,38,9,,15,,0.375,
1122,ZYTIGA,all-concat,negated,3,38,3,,0,,1.0,
1123,ZYTIGA,all-concat,discontinuous,2,38,0,,2,,0.0,
1124,DUAVEE,adverse reactions,all,18,14,13,1.0,5,0.9285714285714286,0.7222222222222222,0.8125000000000001
1125,DUAVEE,adverse reactions,exact-meddra,14,14,11,,3,,0.7857142857142857,
1126,DUAVEE,adverse reactions,non-meddra,4,14,2,,2,,0.5,
1127,DUAVEE,adverse reactions,negated,2,14,1,,1,,0.5,
1128,DUAVEE,warnings and precautions,all,77,27,14,13.0,63,0.5185185185185185,0.18181818181818182,0.2692307692307693
1129,DUAVEE,warnings and precautions,exact-meddra,14,27,9,,5,,0.6428571428571429,
1130,DUAVEE,warnings and precautions,non-meddra,63,27,5,,58,,0.07936507936507936,
1131,DUAVEE,warnings and precautions,negated,3,27,1,,2,,0.3333333333333333,
1132,DUAVEE,warnings and precautions,discontinuous,39,27,0,,39,,0.0,
1133,DUAVEE,boxed warnings,all,7,27,6,22.0,1,0.21428571428571427,0.8571428571428571,0.34285714285714286
1134,DUAVEE,boxed warnings,exact-meddra,3,27,3,,0,,1.0,
1135,DUAVEE,boxed warnings,non-meddra,4,27,3,,1,,0.75,
1136,DUAVEE,boxed warnings,negated,1,27,0,,1,,0.0,
1137,DUAVEE,all-concat,all,92,47,21,28.0,71,0.42857142857142855,0.22826086956521738,0.2978723404255319
1138,DUAVEE,all-concat,exact-meddra,25,47,16,,9,,0.64,
1139,DUAVEE,all-concat,non-meddra,67,47,5,,62,,0.07462686567164178,
1140,DUAVEE,all-concat,negated,6,47,2,,4,,0.3333333333333333,
1141,DUAVEE,all-concat,discontinuous,39,47,0,,39,,0.0,
1142,SAPHRIS,adverse reactions,all,140,84,92,3.0,48,0.968421052631579,0.6571428571428571,0.7829787234042553
1143,SAPHRIS,adverse reactions,exact-meddra,101,84,75,,26,,0.7425742574257426,
1144,SAPHRIS,adverse reactions,non-meddra,39,84,17,,22,,0.4358974358974359,
1145,SAPHRIS,adverse reactions,negated,3,84,1,,2,,0.3333333333333333,
1146,SAPHRIS,adverse reactions,discontinuous,10,84,5,,5,,0.5,
1147,SAPHRIS,warnings and precautions,all,103,31,38,1.0,65,0.9743589743589743,0.36893203883495146,0.5352112676056339
1148,SAPHRIS,warnings and precautions,exact-meddra,43,31,21,,22,,0.4883720930232558,
1149,SAPHRIS,warnings and precautions,non-meddra,60,31,17,,43,,0.2833333333333333,
1150,SAPHRIS,warnings and precautions,negated,6,31,1,,5,,0.16666666666666666,
1151,SAPHRIS,warnings and precautions,discontinuous,6,31,0,,6,,0.0,
1152,SAPHRIS,boxed warnings,all,2,2,2,0.0,0,1.0,1.0,1.0
1153,SAPHRIS,boxed warnings,exact-meddra,1,2,1,,0,,1.0,
1154,SAPHRIS,boxed warnings,non-meddra,1,2,1,,0,,1.0,
1155,SAPHRIS,all-concat,all,216,19,31,1.0,185,0.96875,0.14351851851851852,0.25
1156,SAPHRIS,all-concat,exact-meddra,122,19,21,,101,,0.1721311475409836,
1157,SAPHRIS,all-concat,non-meddra,94,19,10,,84,,0.10638297872340426,
1158,SAPHRIS,all-concat,negated,9,19,1,,8,,0.1111111111111111,
1159,SAPHRIS,all-concat,discontinuous,15,19,1,,14,,0.06666666666666667,
1160,DUREZOL,adverse reactions,all,43,42,42,2.0,1,0.9545454545454546,0.9767441860465116,0.9655172413793104
1161,DUREZOL,adverse reactions,exact-meddra,26,42,26,,0,,1.0,
1162,DUREZOL,adverse reactions,non-meddra,17,42,16,,1,,0.9411764705882353,
1163,DUREZOL,adverse reactions,discontinuous,8,42,8,,0,,1.0,
1164,DUREZOL,warnings and precautions,all,15,19,10,8.0,5,0.5555555555555556,0.6666666666666666,0.606060606060606
1165,DUREZOL,warnings and precautions,non-meddra,15,19,10,,5,,0.6666666666666666,
1166,DUREZOL,warnings and precautions,discontinuous,6,19,3,,3,,0.5,
1167,DUREZOL,all-concat,all,58,41,45,1.0,13,0.9782608695652174,0.7758620689655172,0.8653846153846154
1168,DUREZOL,all-concat,exact-meddra,26,41,26,,0,,1.0,
1169,DUREZOL,all-concat,non-meddra,32,41,19,,13,,0.59375,
1170,DUREZOL,all-concat,discontinuous,14,41,8,,6,,0.5714285714285714,
1171,ZYDELIG,adverse reactions,all,51,26,18,8.0,33,0.6923076923076923,0.35294117647058826,0.4675324675324675
1172,ZYDELIG,adverse reactions,exact-meddra,46,26,17,,29,,0.3695652173913043,
1173,ZYDELIG,adverse reactions,non-meddra,5,26,1,,4,,0.2,
1174,ZYDELIG,warnings and precautions,all,29,20,19,1.0,10,0.95,0.6551724137931034,0.7755102040816326
1175,ZYDELIG,warnings and precautions,exact-meddra,18,20,17,,1,,0.9444444444444444,
1176,ZYDELIG,warnings and precautions,non-meddra,11,20,2,,9,,0.18181818181818182,
1177,ZYDELIG,warnings and precautions,discontinuous,3,20,0,,3,,0.0,
1178,ZYDELIG,boxed warnings,all,8,6,4,2.0,4,0.6666666666666666,0.5,0.5714285714285715
1179,ZYDELIG,boxed warnings,exact-meddra,5,6,4,,1,,0.8,
1180,ZYDELIG,boxed warnings,non-meddra,3,6,0,,3,,0.0,
1181,ZYDELIG,boxed warnings,discontinuous,1,6,0,,1,,0.0,
1182,ZYDELIG,all-concat,all,73,37,43,1.0,30,0.9772727272727273,0.589041095890411,0.7350427350427352
1183,ZYDELIG,all-concat,exact-meddra,56,37,41,,15,,0.7321428571428571,
1184,ZYDELIG,all-concat,non-meddra,17,37,2,,15,,0.11764705882352941,
1185,ZYDELIG,all-concat,discontinuous,4,37,0,,4,,0.0,
1186,KALBITOR,adverse reactions,all,19,14,14,1.0,5,0.9333333333333333,0.7368421052631579,0.8235294117647058
1187,KALBITOR,adverse reactions,exact-meddra,18,14,13,,5,,0.7222222222222222,
1188,KALBITOR,adverse reactions,non-meddra,1,14,1,,0,,1.0,
1189,KALBITOR,adverse reactions,discontinuous,6,14,1,,5,,0.16666666666666666,
1190,KALBITOR,warnings and precautions,all,15,15,15,1.0,0,0.9375,1.0,0.967741935483871
1191,KALBITOR,warnings and precautions,exact-meddra,14,15,14,,0,,1.0,
1192,KALBITOR,warnings and precautions,non-meddra,1,15,1,,0,,1.0,
1193,KALBITOR,boxed warnings,all,1,2,1,1.0,0,0.5,1.0,0.6666666666666666
1194,KALBITOR,boxed warnings,exact-meddra,1,2,1,,0,,1.0,
1195,KALBITOR,all-concat,all,31,23,24,1.0,7,0.96,0.7741935483870968,0.8571428571428571
1196,KALBITOR,all-concat,exact-meddra,29,23,23,,6,,0.7931034482758621,
1197,KALBITOR,all-concat,non-meddra,2,23,1,,1,,0.5,
1198,KALBITOR,all-concat,discontinuous,6,23,2,,4,,0.3333333333333333,
1199,ADCETRIS,adverse reactions,all,75,14,15,1.0,60,0.9375,0.2,0.32967032967032966
1200,ADCETRIS,adverse reactions,exact-meddra,58,14,6,,52,,0.10344827586206896,
1201,ADCETRIS,adverse reactions,non-meddra,17,14,9,,8,,0.5294117647058824,
1202,ADCETRIS,adverse reactions,negated,1,14,0,,1,,0.0,
1203,ADCETRIS,adverse reactions,discontinuous,2,14,0,,2,,0.0,
1204,ADCETRIS,warnings and precautions,all,45,47,38,12.0,7,0.76,0.8444444444444444,0.8
1205,ADCETRIS,warnings and precautions,exact-meddra,24,47,22,,2,,0.9166666666666666,
1206,ADCETRIS,warnings and precautions,non-meddra,21,47,16,,5,,0.7619047619047619,
1207,ADCETRIS,warnings and precautions,discontinuous,2,47,1,,1,,0.5,
1208,ADCETRIS,boxed warnings,all,4,3,4,0.0,0,1.0,1.0,1.0
1209,ADCETRIS,boxed warnings,exact-meddra,3,3,3,,0,,1.0,
1210,ADCETRIS,boxed warnings,non-meddra,1,3,1,,0,,1.0,
1211,ADCETRIS,all-concat,all,91,14,18,0.0,73,1.0,0.1978021978021978,0.3302752293577982
1212,ADCETRIS,all-concat,exact-meddra,64,14,7,,57,,0.109375,
1213,ADCETRIS,all-concat,non-meddra,27,14,11,,16,,0.4074074074074074,
1214,ADCETRIS,all-concat,negated,1,14,0,,1,,0.0,
1215,ADCETRIS,all-concat,discontinuous,4,14,1,,3,,0.25,
1216,BESIVANCE,adverse reactions,all,7,8,6,2.0,1,0.75,0.8571428571428571,0.7999999999999999
1217,BESIVANCE,adverse reactions,exact-meddra,6,8,6,,0,,1.0,
1218,BESIVANCE,adverse reactions,non-meddra,1,8,0,,1,,0.0,
1219,BESIVANCE,warnings and precautions,all,2,5,1,4.0,1,0.2,0.5,0.28571428571428575
1220,BESIVANCE,warnings and precautions,non-meddra,2,5,1,,1,,0.5,
1221,BESIVANCE,warnings and precautions,discontinuous,1,5,0,,1,,0.0,
1222,BESIVANCE,all-concat,all,9,7,6,1.0,3,0.8571428571428571,0.6666666666666666,0.75
1223,BESIVANCE,all-concat,exact-meddra,6,7,6,,0,,1.0,
1224,BESIVANCE,all-concat,non-meddra,3,7,0,,3,,0.0,
1225,BESIVANCE,all-concat,discontinuous,1,7,0,,1,,0.0,
1226,CLEVIPREX,adverse reactions,all,16,16,15,1.0,1,0.9375,0.9375,0.9375
1227,CLEVIPREX,adverse reactions,exact-meddra,13,16,13,,0,,1.0,
1228,CLEVIPREX,adverse reactions,non-meddra,3,16,2,,1,,0.6666666666666666,
1229,CLEVIPREX,warnings and precautions,all,5,6,5,2.0,0,0.7142857142857143,1.0,0.8333333333333333
1230,CLEVIPREX,warnings and precautions,exact-meddra,2,6,2,,0,,1.0,
1231,CLEVIPREX,warnings and precautions,non-meddra,3,6,3,,0,,1.0,
1232,CLEVIPREX,all-concat,all,19,18,17,2.0,2,0.8947368421052632,0.8947368421052632,0.8947368421052632
1233,CLEVIPREX,all-concat,exact-meddra,13,18,13,,0,,1.0,
1234,CLEVIPREX,all-concat,non-meddra,6,18,4,,2,,0.6666666666666666,
1235,XTANDI,adverse reactions,all,70,51,57,2.0,13,0.9661016949152542,0.8142857142857143,0.8837209302325583
1236,XTANDI,adverse reactions,exact-meddra,56,51,48,,8,,0.8571428571428571,
1237,XTANDI,adverse reactions,non-meddra,14,51,9,,5,,0.6428571428571429,
1238,XTANDI,adverse reactions,negated,3,51,2,,1,,0.6666666666666666,
1239,XTANDI,adverse reactions,discontinuous,1,51,1,,0,,1.0,
1240,XTANDI,warnings and precautions,all,1,2,1,1.0,0,0.5,1.0,0.6666666666666666
1241,XTANDI,warnings and precautions,exact-meddra,1,2,1,,0,,1.0,
1242,XTANDI,warnings and precautions,negated,1,2,1,,0,,1.0,
1243,XTANDI,all-concat,all,70,44,53,0.0,17,1.0,0.7571428571428571,0.8617886178861789
1244,XTANDI,all-concat,exact-meddra,56,44,41,,15,,0.7321428571428571,
1245,XTANDI,all-concat,non-meddra,14,44,12,,2,,0.8571428571428571,
1246,XTANDI,all-concat,negated,3,44,3,,0,,1.0,
1247,XTANDI,all-concat,discontinuous,1,44,1,,0,,1.0,
1248,BOSULIF,adverse reactions,all,84,69,71,2.0,13,0.9726027397260274,0.8452380952380952,0.9044585987261147
1249,BOSULIF,adverse reactions,exact-meddra,67,69,63,,4,,0.9402985074626866,
1250,BOSULIF,adverse reactions,non-meddra,17,69,8,,9,,0.47058823529411764,
1251,BOSULIF,adverse reactions,discontinuous,5,69,0,,5,,0.0,
1252,BOSULIF,warnings and precautions,all,36,17,19,1.0,17,0.95,0.5277777777777778,0.6785714285714285
1253,BOSULIF,warnings and precautions,exact-meddra,16,17,12,,4,,0.75,
1254,BOSULIF,warnings and precautions,non-meddra,20,17,7,,13,,0.35,
1255,BOSULIF,warnings and precautions,discontinuous,6,17,2,,4,,0.3333333333333333,
1256,BOSULIF,all-concat,all,105,64,75,1.0,30,0.9868421052631579,0.7142857142857143,0.8287292817679558
1257,BOSULIF,all-concat,exact-meddra,70,64,63,,7,,0.9,
1258,BOSULIF,all-concat,non-meddra,35,64,12,,23,,0.34285714285714286,
1259,BOSULIF,all-concat,discontinuous,11,64,3,,8,,0.2727272727272727,
1260,CARBAGLU,adverse reactions,all,22,20,21,0.0,1,1.0,0.9545454545454546,0.9767441860465117
1261,CARBAGLU,adverse reactions,exact-meddra,20,20,20,,0,,1.0,
1262,CARBAGLU,adverse reactions,non-meddra,2,20,1,,1,,0.5,
1263,CARBAGLU,warnings and precautions,all,1,4,1,3.0,0,0.25,1.0,0.4
1264,CARBAGLU,warnings and precautions,exact-meddra,1,4,1,,0,,1.0,
1265,CARBAGLU,all-concat,all,23,11,12,1.0,11,0.9230769230769231,0.5217391304347826,0.6666666666666667
1266,CARBAGLU,all-concat,exact-meddra,21,11,11,,10,,0.5238095238095238,
1267,CARBAGLU,all-concat,non-meddra,2,11,1,,1,,0.5,
1268,SIMPONI,adverse reactions,all,60,43,37,9.0,23,0.8043478260869565,0.6166666666666667,0.6981132075471699
1269,SIMPONI,adverse reactions,exact-meddra,34,43,23,,11,,0.6764705882352942,
1270,SIMPONI,adverse reactions,non-meddra,26,43,14,,12,,0.5384615384615384,
1271,SIMPONI,adverse reactions,negated,2,43,2,,0,,1.0,
1272,SIMPONI,adverse reactions,discontinuous,2,43,0,,2,,0.0,
1273,SIMPONI,warnings and precautions,all,70,12,30,0.0,40,1.0,0.42857142857142855,0.6
1274,SIMPONI,warnings and precautions,exact-meddra,30,12,8,,22,,0.26666666666666666,
1275,SIMPONI,warnings and precautions,non-meddra,40,12,22,,18,,0.55,
1276,SIMPONI,warnings and precautions,discontinuous,17,12,9,,8,,0.5294117647058824,
1277,SIMPONI,boxed warnings,all,26,10,15,1.0,11,0.9375,0.5769230769230769,0.7142857142857143
1278,SIMPONI,boxed warnings,exact-meddra,12,10,6,,6,,0.5,
1279,SIMPONI,boxed warnings,non-meddra,14,10,9,,5,,0.6428571428571429,
1280,SIMPONI,boxed warnings,discontinuous,7,10,4,,3,,0.5714285714285714,
1281,SIMPONI,all-concat,all,128,67,84,7.0,44,0.9230769230769231,0.65625,0.767123287671233
1282,SIMPONI,all-concat,exact-meddra,61,67,41,,20,,0.6721311475409836,
1283,SIMPONI,all-concat,non-meddra,67,67,43,,24,,0.6417910447761194,
1284,SIMPONI,all-concat,negated,2,67,1,,1,,0.5,
1285,SIMPONI,all-concat,discontinuous,26,67,18,,8,,0.6923076923076923,
1286,BENLYSTA,adverse reactions,all,26,21,20,1.0,6,0.9523809523809523,0.7692307692307693,0.8510638297872339
1287,BENLYSTA,adverse reactions,exact-meddra,20,21,14,,6,,0.7,
1288,BENLYSTA,adverse reactions,non-meddra,6,21,6,,0,,1.0,
1289,BENLYSTA,warnings and precautions,all,48,9,14,0.0,34,1.0,0.2916666666666667,0.45161290322580644
1290,BENLYSTA,warnings and precautions,exact-meddra,29,9,7,,22,,0.2413793103448276,
1291,BENLYSTA,warnings and precautions,non-meddra,19,9,7,,12,,0.3684210526315789,
1292,BENLYSTA,warnings and precautions,negated,2,9,1,,1,,0.5,
1293,BENLYSTA,all-concat,all,60,44,47,2.0,13,0.9591836734693877,0.7833333333333333,0.8623853211009175
1294,BENLYSTA,all-concat,exact-meddra,40,44,31,,9,,0.775,
1295,BENLYSTA,all-concat,non-meddra,20,44,16,,4,,0.8,
1296,BENLYSTA,all-concat,negated,2,44,2,,0,,1.0,
1297,TOVIAZ,adverse reactions,all,37,36,37,1.0,0,0.9736842105263158,1.0,0.9866666666666666
1298,TOVIAZ,adverse reactions,exact-meddra,33,36,33,,0,,1.0,
1299,TOVIAZ,adverse reactions,non-meddra,4,36,4,,0,,1.0,
1300,TOVIAZ,warnings and precautions,all,13,8,6,6.0,7,0.5,0.46153846153846156,0.48000000000000004
1301,TOVIAZ,warnings and precautions,exact-meddra,4,8,1,,3,,0.25,
1302,TOVIAZ,warnings and precautions,non-meddra,9,8,5,,4,,0.5555555555555556,
1303,TOVIAZ,warnings and precautions,discontinuous,5,8,3,,2,,0.6,
1304,TOVIAZ,all-concat,all,46,30,34,1.0,12,0.9714285714285714,0.7391304347826086,0.8395061728395062
1305,TOVIAZ,all-concat,exact-meddra,33,30,29,,4,,0.8787878787878788,
1306,TOVIAZ,all-concat,non-meddra,13,30,5,,8,,0.38461538461538464,
1307,TOVIAZ,all-concat,discontinuous,5,30,3,,2,,0.6,
1308,ENTEREG,adverse reactions,all,1,1,1,0.0,0,1.0,1.0,1.0
1309,ENTEREG,adverse reactions,exact-meddra,1,1,1,,0,,1.0,
1310,ENTEREG,warnings and precautions,all,6,12,5,7.0,1,0.4166666666666667,0.8333333333333334,0.5555555555555556
1311,ENTEREG,warnings and precautions,exact-meddra,4,12,4,,0,,1.0,
1312,ENTEREG,warnings and precautions,non-meddra,2,12,1,,1,,0.5,
1313,ENTEREG,warnings and precautions,discontinuous,1,12,0,,1,,0.0,
1314,ENTEREG,boxed warnings,all,1,3,1,2.0,0,0.3333333333333333,1.0,0.5
1315,ENTEREG,boxed warnings,exact-meddra,1,3,1,,0,,1.0,
1316,ENTEREG,boxed warnings,negated,1,3,1,,0,,1.0,
1317,ENTEREG,all-concat,all,8,13,7,7.0,1,0.5,0.875,0.6363636363636364
1318,ENTEREG,all-concat,exact-meddra,6,13,6,,0,,1.0,
1319,ENTEREG,all-concat,non-meddra,2,13,1,,1,,0.5,
1320,ENTEREG,all-concat,negated,1,13,1,,0,,1.0,
1321,ENTEREG,all-concat,discontinuous,1,13,0,,1,,0.0,
1322,VIZAMYL,adverse reactions,all,8,9,8,1.0,0,0.8888888888888888,1.0,0.9411764705882353
1323,VIZAMYL,adverse reactions,exact-meddra,8,9,8,,0,,1.0,
1324,VIZAMYL,warnings and precautions,all,6,6,4,2.0,2,0.6666666666666666,0.6666666666666666,0.6666666666666666
1325,VIZAMYL,warnings and precautions,exact-meddra,3,6,2,,1,,0.6666666666666666,
1326,VIZAMYL,warnings and precautions,non-meddra,3,6,2,,1,,0.6666666666666666,
1327,VIZAMYL,all-concat,all,12,12,10,1.0,2,0.9090909090909091,0.8333333333333334,0.8695652173913043
1328,VIZAMYL,all-concat,exact-meddra,9,12,8,,1,,0.8888888888888888,
1329,VIZAMYL,all-concat,non-meddra,3,12,2,,1,,0.6666666666666666,
1330,AMPYRA,adverse reactions,all,18,18,17,1.0,1,0.9444444444444444,0.9444444444444444,0.9444444444444444
1331,AMPYRA,adverse reactions,exact-meddra,17,18,16,,1,,0.9411764705882353,
1332,AMPYRA,adverse reactions,non-meddra,1,18,1,,0,,1.0,
1333,AMPYRA,warnings and precautions,all,9,3,2,1.0,7,0.6666666666666666,0.2222222222222222,0.3333333333333333
1334,AMPYRA,warnings and precautions,exact-meddra,3,3,2,,1,,0.6666666666666666,
1335,AMPYRA,warnings and precautions,non-meddra,6,3,0,,6,,0.0,
1336,AMPYRA,warnings and precautions,discontinuous,1,3,0,,1,,0.0,
1337,AMPYRA,all-concat,all,24,17,17,1.0,7,0.9444444444444444,0.7083333333333334,0.8095238095238096
1338,AMPYRA,all-concat,exact-meddra,18,17,16,,2,,0.8888888888888888,
1339,AMPYRA,all-concat,non-meddra,6,17,1,,5,,0.16666666666666666,
1340,AMPYRA,all-concat,discontinuous,1,17,0,,1,,0.0,
